2523
39267 75099 39
48584 22682 145
20451 61319 1
40977 58599 1
69130 15809 117
53701 6003 3
45112 61925 144
62602 12405 6
31777 23488 44
1413 27318 30
40105 74689 15
49939 27291 27
26097 53844 14
3012 56482 3
33143 23661 6
40160 59078 1
59030 31626 59
73988 68613 12
66062 56803 2
54493 47874 27
21083 27651 148
73466 10284 173
2545 62678 70
35675 21924 10
3583 1892 63
43236 55621 3
51649 11811 21
62776 39269 10
13423 62038 2
70433 56523 123
13087 39034 120
31633 5188 57
72028 12321 27
62064 14311 24
59306 60582 124
15142 36747 72
61692 69323 28
51197 54421 7
64709 32675 14
12048 52535 0
33449 32734 1
36745 16110 2
44806 18871 2
8171 20776 24
36346 50334 24
18483 46138 34
38559 55921 10
24822 31740 62
8237 70930 14
16816 72268 69
60010 45534 37
10087 51409 152
12170 41598 123
58464 22869 2
51162 68508 2
2235 1766 59
31586 38981 45
32601 9866 3
31614 3438 62
57281 47831 92
7753 64532 3
57027 4813 28
69971 47448 23
2345 21924 2
5212 37388 7
25942 56580 39
9786 32666 199
1904 3695 48
2295 2475 56
27574 32608 20
42224 59262 120
196 3380 72
2366 39102 49
30863 37757 70
14700 39262 1
40615 25455 12
9971 61664 25
41769 32700 24
3654 75300 2
74763 15361 2
28046 10465 9
8724 57472 191
39001 4061 54
58687 31006 69
30858 524 36
47541 52135 22
25308 61591 39
64447 24853 61
20144 12711 124
13183 8047 10
62962 27929 2
52157 22778 147
46953 18774 3
8750 30529 10
39201 62029 2
46473 58899 146
62618 1834 75
61406 40949 27
14762 67608 15
16356 38691 13
55155 60799 2
15225 62419 87
56995 44929 167
2856 35259 28
52797 37511 106
28799 30266 25
67996 38293 9
54007 15306 1
51163 4671 3
60069 51875 33
6326 1616 122
39272 51535 29
1705 8268 46
66430 17004 10
66067 64560 72
32722 21168 27
12407 52142 116
56787 4764 120
30874 74780 29
17813 13281 72
11585 50630 1
64358 31423 63
68757 43295 1
5253 25943 25
24667 8375 15
1743 3307 74
38649 12714 151
73264 14347 106
64239 51257 27
62491 8145 114
17510 70392 1
2234 3436 46
4050 3285 74
18123 30432 37
72104 2811 68
67320 48768 22
69262 42424 138
37207 72148 6
33766 64502 1
27681 12088 53
17891 71080 7
53849 39266 116
15782 1848 28
45291 37811 143
33345 54073 21
19099 43487 141
30500 44515 1
61990 61791 14
40999 24430 3
51372 63520 27
39313 11585 7
31685 38906 56
62966 18482 2
25516 19549 119
54423 43042 6
21353 52807 7
6933 28607 136
21357 7716 10
54114 53495 7
60822 16348 10
16535 24087 7
51694 46347 39
31698 46899 52
75177 22737 69
20776 43214 73
33259 38844 31
48281 27607 153
29031 26135 7
39489 1766 56
12297 57024 32
55148 25044 2
68406 4764 72
20170 15433 32
59770 52749 37
67303 18239 37
31543 35508 56
60883 62694 9
17805 401 101
4092 71074 76
64400 49059 2
53844 61662 15
74192 38218 26
73759 41997 178
1024 48038 120
60647 47776 3
30054 38284 142
11737 43558 51
59314 58343 2
42215 69992 14
23416 49051 124
73315 70374 101
70733 64335 2
25397 17643 37
50647 50813 2
55139 67182 7
18229 43522 27
43509 44534 28
31149 24398 25
51723 68831 35
17816 65403 29
59346 68239 124
65219 61843 14
21187 1760 65
27033 46043 34
14312 61653 39
36343 39474 1
57934 5573 41
11629 26648 7
15809 49210 40
72269 16480 3
22076 9743 32
27604 55965 152
38993 5200 28
35289 11809 28
46565 36032 101
54314 75077 14
46674 14502 2
35921 46198 101
60736 61458 114
12445 30441 30
40851 12698 27
46345 40119 17
35832 56453 7
59258 12492 140
8325 6129 29
12343 54609 117
57378 49022 120
9982 10011 25
65395 17470 120
49160 49224 7
33180 56745 37
56518 22649 28
75128 24444 37
24818 17110 29
25506 74321 122
41907 52747 117
21737 59265 3
58872 53688 72
7650 5228 24
31835 63083 3
17734 61177 3
1292 7980 105
33072 13080 10
32939 17810 29
14999 7846 71
75132 26862 32
1894 44411 3
75268 12966 1
68054 12626 131
26325 27777 7
25471 22633 8
1690 56095 97
8348 74468 37
61946 41101 24
70619 52030 166
58671 54011 71
52805 52614 1
40885 40851 177
57665 71114 15
70580 50514 1
35917 43255 114
2943 41233 68
57790 43184 116
32219 35105 162
31552 43071 1
59265 27627 32
18099 58865 3
64526 64610 7
48268 62063 14
3278 28709 66
71766 45187 34
53084 51376 37
31226 22694 15
51418 58572 166
6527 24680 6
71464 61945 7
52478 54031 7
33661 68778 141
52750 43491 2
72298 35278 28
28266 71570 1
5172 1960 54
28590 285 0
49285 1686 2
61878 52582 123
14657 74853 69
56583 73519 15
64543 64263 124
64364 43529 2
51270 27558 1
70307 46534 24
5256 41221 24
1691 7504 92
33710 37234 1
27249 41173 10
52001 35705 29
61311 53145 10
66222 51168 2
35497 35285 60
36544 38724 102
51290 22377 129
62044 32904 114
12965 51149 2
12818 2521 75
35295 69072 63
5014 4857 13
51171 74486 7
10858 2246 45
11962 33112 3
10088 68501 152
34312 6345 106
30926 22336 143
36657 47042 102
66075 868 1
28310 22814 105
39540 41057 2
70503 64172 1
4728 3558 158
33520 26835 117
55547 16938 15
35711 69799 14
52530 13115 2
26037 14502 24
57268 6 144
24928 68738 114
47519 17818 37
52745 55454 15
26880 14724 116
16152 31331 35
52852 29988 72
39454 13033 124
62624 26858 122
24824 22831 50
59254 54896 2
64517 62816 1
14614 62451 7
46019 62058 35
778 64263 10
49768 71320 14
36294 39902 25
44303 53829 2
61921 16125 84
52514 4854 24
28814 30801 2
52485 33213 189
59250 15809 113
56241 74144 120
45112 18387 113
43080 39883 2
18095 70141 144
53781 68736 37
25016 68739 135
17501 20543 3
45537 51974 116
5460 24438 91
51303 32488 17
2520 28707 60
74793 34009 145
45637 956 148
13177 40926 37
65922 47051 30
15147 17817 120
19976 18223 10
20089 33232 16
17350 9763 147
13489 72133 83
50198 38785 12
3346 1709 49
42715 64535 29
17822 27350 7
74840 46240 35
40593 49771 25
51221 28764 6
27840 62058 84
2078 24822 62
64553 8073 111
52758 74263 72
17201 32489 114
66838 57456 6
28258 19911 3
27467 17808 28
1477 1393 12
66734 7153 183
46612 51164 7
27820 3 3
51498 20774 87
30105 70764 10
22707 49538 138
39915 16482 1
1706 23131 8
6261 32937 22
60702 63110 3
35489 62048 1
59251 5260 1
62752 59101 10
11844 31171 22
46154 32675 27
48732 35774 22
17651 23261 2
58034 7508 130
46982 15606 135
74123 19662 26
43479 14690 15
62454 63867 42
30835 43013 1
68398 9653 1
12604 7116 136
47105 53932 9
56468 62263 7
12285 33415 112
35537 62789 28
38228 38791 36
39915 39687 1
1213 28502 10
52485 24959 24
47759 19458 1
40897 12366 41
59258 70034 7
46504 47873 36
45625 60723 119
55177 62460 2
105 59340 8
71667 69048 45
54965 58834 72
14325 43575 2
58627 39891 1
38428 27398 171
61969 23222 153
71133 18277 65
37758 61944 3
17817 54098 151
35269 27252 28
12457 36459 113
64260 12952 72
32474 57190 28
66072 54607 10
26356 61919 7
1802 32015 133
45383 27538 120
17676 1205 116
68750 2210 44
43088 46690 69
5544 13014 24
18657 15366 19
59309 22274 145
13111 72452 41
53030 26850 3
74445 21630 73
62448 51779 119
32894 3700 58
62728 21010 65
64540 21594 72
73865 8966 126
5733 14148 97
8428 28423 37
18489 60889 2
33112 43436 114
19934 70010 94
17136 56908 1
39059 72279 157
3994 46373 34
12346 44273 1
37242 29335 142
35952 57973 71
16206 17545 37
40599 1103 24
54703 58838 72
34010 23264 129
4661 58239 29
11947 2993 37
70405 48935 120
64495 61050 124
46825 9844 32
46784 21870 22
26308 8005 10
45789 15676 1
70898 46184 34
11682 38893 62
7981 63226 2
70495 51153 145
38830 62191 21
65176 4871 37
62060 56334 168
46836 65255 2
5040 4976 82
32734 15809 1
71020 64299 7
21825 19536 144
70828 33498 1
35135 66072 7
30439 28431 1
64515 27925 2
63352 6318 197
30815 62901 3
2725 1404 2
9230 3658 51
12446 56489 68
72655 70174 30
64280 53014 3
54625 44500 7
40031 61782 6
22841 22478 8
60824 30419 120
32730 75305 114
1676 75117 15
1426 18122 37
23996 24109 120
31210 54282 7
45112 31747 37
71040 61261 40
8307 5862 15
63119 35704 6
74305 72259 171
23350 37773 7
11674 13611 126
54071 62818 2
64268 1035 14
31302 55492 3
48571 5342 97
61075 30904 7
32837 73139 5
28355 41201 32
19759 50331 191
56460 62037 24
41545 25098 32
72619 40185 176
55931 56056 69
15314 15548 15
47939 67442 175
736 70346 25
30950 74794 29
28511 57021 180
29084 68727 12
12722 27711 10
68732 31310 15
40814 60762 24
4796 13514 2
20046 52499 25
38778 72952 81
36778 15431 2
58084 2919 37
62460 37936 152
24027 74811 7
53753 10939 58
867 64670 3
8867 39532 2
2312 10886 60
49439 26446 7
45506 41810 3
31295 1125 26
4523 1695 3
6375 40652 33
48606 60310 37
30428 64417 2
54211 62870 10
18674 53438 21
24803 35289 54
61899 70827 72
69641 1895 7
51255 61562 24
64105 69319 10
67758 2943 68
31785 35297 77
28528 4813 2
57686 63070 3
75119 62932 14
62031 69640 1
17381 39170 2
62818 62362 72
58602 1672 183
50630 64667 2
5913 31096 96
1918 1953 47
52785 16790 7
55503 58175 15
62171 47873 40
54863 72295 3
58665 70688 136
72241 52270 147
11586 53825 3
37403 54161 120
55967 64300 3
35155 5149 78
18086 22573 7
10088 62450 10
40816 64350 37
51258 38438 10
32609 1690 2
30956 3358 24
31260 62350 139
37790 28800 7
24710 26077 25
69665 11617 14
11436 68577 133
8703 49903 94
73078 71671 14
44697 1667 27
8224 68740 21
30837 30931 15
26629 28489 3
956 28487 112
68754 43168 122
61292 62768 28
65976 26815 28
15509 66592 96
20515 60713 123
62899 24849 15
39357 65586 15
32645 52943 72
14299 42968 7
50213 70075 90
17972 14019 22
56056 39142 72
70743 4042 121
37975 50201 10
57800 1240 190
42964 33093 7
2658 73366 124
17126 64279 3
1694 54052 183
51302 8778 29
867 32544 1
30906 56298 2
50203 55933 10
49243 37828 153
50265 50328 29
44846 4891 41
4931 1691 91
17463 45810 7
65589 15157 28
63112 39151 173
13189 24194 121
956 21600 14
73190 61189 69
64165 40876 140
12310 52265 3
44734 18495 30
75411 13562 1
15622 40940 3
34871 28310 1
15153 13251 1
27316 30398 79
12022 44121 72
2116 48864 10
60744 15809 101
69360 33296 25
61548 28632 88
64902 57887 29
59250 56912 122
28969 67215 7
70180 49647 37
62471 27892 7
55589 54820 145
31815 2397 48
73857 13093 120
53571 16149 120
31339 17559 37
47834 21515 10
43065 62728 7
37403 16967 147
5493 50285 191
1816 12882 46
31296 7238 186
55155 44643 29
25264 40672 27
37743 39124 130
2438 2076 77
17715 15048 15
2264 38805 2
49683 68316 27
26668 28232 7
67213 59351 24
55927 6388 10
45447 28570 2
62457 55139 1
33043 35702 7
48658 73492 41
7120 12652 112
19389 24302 37
52477 58675 32
20289 47799 36
27573 56298 166
7263 64162 3
55549 53861 69
38304 10926 15
10596 20970 124
37369 39235 7
65730 40178 14
26921 15809 25
20055 26849 57
65155 4063 2
61609 55459 101
62663 12827 32
11878 33514 72
68930 53861 106
17632 26226 28
43177 11837 71
63914 71252 42
5163 1848 57
56713 53880 116
12429 9703 116
34987 43718 130
44295 39219 1
62064 69104 30
23252 1694 29
22819 65544 37
12958 54163 7
48806 49568 93
19712 22893 33
15102 26867 6
55854 55153 1
69059 20366 37
67319 63283 199
48389 63102 14
2874 956 151
41438 12604 24
31071 37291 41
5228 52849 170
46686 63243 132
38939 31478 24
2605 38662 123
70828 8281 140
24697 24205 100
27742 39149 153
26480 72566 35
37819 44831 32
23879 42069 149
45486 38167 143
57224 63281 1
8854 2149 1
54573 9632 114
60727 70354 28
62465 50338 95
28481 15109 1
50960 35214 62
32612 70941 7
31034 2719 2
59287 51477 2
35280 3589 54
54982 19192 9
31111 32527 147
68752 10909 56
25341 18352 25
49768 2466 2
52506 73700 124
61362 24008 41
37532 2994 9
35769 43400 101
68047 19321 32
65992 64204 17
54206 31350 124
19197 3461 2
30445 54311 140
15362 38617 7
36130 2874 71
9700 61486 32
49626 61707 7
3079 61859 56
39718 72778 1
73476 28673 62
62061 18322 117
25357 56433 101
28008 60700 1
14677 24707 97
61005 53833 73
1749 39470 60
17810 23360 117
43558 9094 46
52739 3925 2
66177 14450 91
51961 38262 37
36484 59810 30
65457 30890 3
37234 61857 195
32664 21115 2
27185 21540 17
12817 12874 56
39462 425 2
62043 68727 18
33130 47538 23
71345 68211 143
16666 52474 29
29622 47066 50
39129 37754 130
70182 50368 7
37218 64296 120
74465 17457 37
29246 3224 62
49145 68364 17
67079 56763 184
61766 64570 32
53056 67781 72
62184 43403 28
24839 5227 76
67998 33997 106
30486 63517 2
63118 70342 19
8161 40782 7
5964 26743 189
71090 28848 20
44420 20978 1
17328 66064 7
15384 25209 120
35708 26951 32
61688 12636 0
53257 52521 7
10922 62936 65
42338 47055 138
9653 62942 133
49094 2333 1
15809 18330 121
75160 30848 10
39162 44368 71
7349 47287 99
14589 61647 27
27319 4348 29
36877 51440 72
70179 56450 114
28820 65580 135
54011 64405 7
59261 51749 40
2719 48499 175
27725 50362 2
35926 36427 22
57684 57560 119
17676 30904 117
32634 37403 3
38681 39443 23
55539 64230 72
23209 34020 1
64556 32646 152
24824 75305 29
44886 41710 101
66488 51565 1
32941 66066 10
74111 66376 29
12911 58333 7
61977 42968 1
38328 17585 121
60712 17033 123
52539 18475 2
22839 61963 17
13034 9868 3
62808 20257 21
32720 61904 2
8562 56438 42
47457 15380 117
21916 69174 32
52474 20406 1
72813 3979 64
29976 28080 15
72025 75171 14
71263 21131 29
50102 36174 24
62262 69266 15
60727 20136 114
36470 45112 37
35696 63412 72
52567 32373 1
39441 44778 194
45465 30854 34
18041 14502 21
20908 45925 1
26952 599 2
35221 3252 74
31051 46376 195
46329 10072 34
31943 3504 162
51298 25619 27
17453 44943 120
61874 59073 1
67418 10363 32
13356 30635 2
8375 45112 108
66081 31093 1
30408 26688 112
16490 64790 2
33828 26766 7
59304 17447 2
52762 17648 72
46187 72787 7
62991 29243 3
96 47192 167
66737 1694 188
61548 4519 10
69243 1803 53
31100 32840 33
61248 17792 153
14532 46794 26
43279 53859 116
71602 1794 48
60988 24404 69
41296 45369 104
18452 28990 117
5701 32730 2
31332 61390 27
12023 47815 25
2292 73418 43
19574 56353 19
75351 8857 2
75273 53045 10
16911 54306 117
9550 73410 44
15109 30938 72
61536 74232 3
14702 22887 41
6572 70028 96
62021 47680 6
17974 47077 65
9752 10001 112
44944 40597 16
35103 33040 162
22042 40906 145
4060 28671 62
71114 62987 2
20824 73850 33
68087 18682 24
41105 15499 3
30827 66736 93
75153 33191 114
26260 39472 2
34646 52672 68
51172 46389 22
60766 66080 2
45566 70927 10
3954 28691 66
65699 34308 40
58975 56281 143
73296 20892 145
27228 54474 124
49522 32777 114
30897 64051 2
75123 48342 98
49768 26439 10
43210 31388 171
75029 34088 69
47569 66313 29
62462 54866 6
18123 28483 1
62319 6356 8
71125 22341 32
30436 64926 28
37277 37369 2
61409 27139 37
74258 30795 12
68088 10823 37
48804 22665 90
62914 16479 15
31827 11260 133
21431 20012 28
42897 54509 3
51857 53492 27
58197 30914 17
67688 43497 10
24515 10968 1
30460 12095 127
44967 27558 80
39966 37442 70
73693 52818 7
12346 32697 24
68108 6238 29
26506 20481 122
17405 66739 27
70844 46669 37
19192 15314 28
51713 62744 17
62379 68863 85
61743 17050 24
2177 52963 10
25819 37452 14
59769 36443 71
53374 71076 88
75024 24286 69
61908 40038 25
65769 62060 22
39129 37702 57
69668 42184 10
43089 60765 1
37409 53315 3
61938 49565 32
22100 43892 6
57688 35758 22
19215 4163 15
51223 39276 37
10773 19507 123
52842 52594 7
59219 10513 59
43219 9899 29
48627 12549 116
60774 47920 7
74667 13253 3
4740 35431 60
37449 18502 2
4630 64584 14
15015 16709 3
45817 3048 112
52782 39221 3
27829 41615 32
24874 56834 31
17850 35378 111
107 22660 8
23720 28860 6
73506 38336 14
15761 37409 10
39827 64495 116
34591 43595 120
38551 64343 2
58604 72295 10
32541 8485 144
3744 64230 15
58734 58770 15
43311 9619 6
6568 28480 120
48658 47434 27
60729 73760 14
71926 24117 114
9905 40720 30
8730 73197 119
13269 24647 97
58852 11029 72
32595 34873 10
61920 65039 7
48159 60784 28
39269 21630 32
52739 62448 2
22336 49025 27
39696 30533 29
17917 53501 140
39094 31501 66
25098 26468 32
3821 3696 57
30405 15304 4
49558 40946 37
22526 75041 32
2187 74858 73
39995 2110 7
16748 30842 1
37692 53996 1
6029 74239 90
74687 51984 21
301 75201 199
28533 64335 3
66050 51311 32
31207 27568 153
24876 40197 6
37474 39482 10
42881 53168 22
62755 20548 123
62049 25692 7
45365 9981 108
43675 51344 21
53840 33521 69
68344 33247 22
74743 73073 152
29140 30925 156
15897 19857 21
11845 44443 32
64311 15407 32
6565 64183 69
60673 58061 197
14502 62728 10
64518 42959 3
67941 42939 42
26745 32652 1
64689 32959 29
68740 8319 29
19726 18271 14
53859 61845 0
49621 6845 92
24949 24131 37
26502 46026 26
10981 44854 101
46808 47001 120
36273 64281 71
8801 1694 25
61627 65724 41
58458 53007 168
15219 5450 101
44935 9721 12
17059 64090 2
16891 36301 10
55949 17805 2
59762 7115 21
75120 47785 16
56223 25298 136
48912 1666 10
35984 21682 27
62064 18386 118
395 58286 153
58405 64273 71
30028 33416 113
39623 28204 72
69003 58711 9
10607 68604 24
69484 9810 114
8466 61670 120
18700 36377 25
35830 15809 24
50328 16279 171
38237 35728 14
66282 17676 130
1074 23193 18
61912 54789 3
39316 43479 29
60694 13767 114
12853 32534 10
64335 44718 2
13847 49742 2
8235 23258 122
9790 26925 29
62048 60797 2
12281 60990 8
62453 70550 7
53640 28806 3
39501 70407 1
15809 38285 25
32758 25736 22
62451 68922 10
37984 61694 174
39270 25584 171
31210 9934 153
64589 39190 2
75113 25474 72
71089 13764 15
19729 28600 3
3170 13176 10
64651 43358 194
46731 68583 2
32574 72714 124
15109 12857 72
24094 14914 164
31822 30592 45
245 54314 112
24446 17725 163
27674 46064 2
24431 2341 147
15162 38907 64
45205 71047 37
6183 69143 25
59075 72101 124
35528 32652 72
22331 62338 0
26663 20451 192
55094 62060 3
70822 27566 6
53441 31186 1
47568 57460 94
22326 38390 24
33466 11478 162
39137 4297 48
2410 37689 47
23544 63651 65
15364 63118 3
46058 26815 15
31339 53489 30
10909 75188 2
48762 1691 100
3170 30475 64
38987 62790 74
38901 31617 47
75306 69321 167
15882 48215 18
20186 54523 72
21943 57920 103
13913 57784 1
52072 63565 147
24548 64518 146
5221 35230 74
33813 42946 7
61074 17510 24
71399 56082 71
38079 38043 174
42504 30858 20
12727 50343 41
72953 38474 34
56520 9803 10
18504 32548 2
31499 13087 2
35392 62724 153
2953 69072 1
38751 6547 12
4834 4809 102
21346 49232 105
36674 52478 37
15383 13059 25
3315 37781 52
34971 21857 10
41496 13186 117
27213 6257 21
43458 17466 24
74607 63652 111
10484 53409 135
59254 25551 14
62880 17473 50
74751 34651 129
35518 60777 2
10481 53843 7
29991 43008 1
58456 59051 7
73552 8073 72
41863 59085 10
37940 7388 167
51187 20088 72
75055 16867 2
68125 70937 2
4769 54121 120
8257 28607 28
53834 60943 71
27623 53387 38
10127 22413 148
46511 74470 101
14060 26270 25
73479 58998 38
1760 38970 44
4783 54004 1
52797 48188 2
54003 17815 121
7408 57267 23
58871 61430 41
33445 19033 3
30814 62637 10
72304 28847 2
3607 71150 62
1691 26049 1
1509 58793 72
64904 73031 15
39626 37373 72
25976 17805 151
67151 30106 113
15103 56027 10
39262 11574 135
65477 51498 14
39327 28968 7
38908 62007 56
37763 4201 52
20574 59304 2
31306 46845 139
61403 39046 39
52527 61536 0
31733 29284 47
46943 57881 93
38962 38969 28
22641 12477 129
70066 75430 37
4736 3256 60
61671 43545 10
54662 37386 10
72293 68018 3
62004 10944 44
25632 40835 10
8355 17676 112
72778 44776 10
21660 31094 84
59252 55329 2
57712 6374 183
71032 37388 3
26512 8178 115
26234 52053 101
35142 63113 6
65041 15770 30
68386 68501 28
61166 62815 71
32544 62459 72
45037 28036 17
62864 43267 15
72943 6881 97
59298 43930 124
13597 51352 72
70977 13142 24
35344 5225 60
35293 4260 54
2636 62907 2
61276 68808 2
58976 17353 10
16383 41980 29
70828 52005 114
75092 75393 21
59250 4659 10
52506 39297 24
1687 66769 95
70818 75160 2
15367 10048 84
9172 17424 3
70999 64179 101
56992 70640 183
49848 19872 32
38529 32828 32
73546 48707 185
39256 17275 137
26611 53745 3
74299 74162 24
19674 63003 88
26643 7437 3
655 74750 129
61917 22510 17
72303 15187 26
12801 54230 3
52122 38827 14
16481 25227 14
64344 51664 17
17932 71107 15
30828 62796 2
2255 33420 44
36104 9977 113
54426 71108 50
41421 12940 32
22708 14999 37
20226 43668 117
31223 1303 15
64963 3046 15
58379 31042 10
61892 9105 7
55895 16635 7
20042 68570 28
72628 8413 112
7207 62060 99
26901 56993 124
62850 53553 2
28833 13220 1
61987 71681 64
43423 61567 39
62040 55248 2
51238 42088 7
4907 46915 36
28394 54330 14
57700 24183 89
63002 13145 114
33415 12914 51
45755 16142 28
52823 71347 1
3195 35605 77
2636 15111 7
70265 53883 37
1306 51798 35
56698 39843 123
59259 58609 72
75103 13671 24
68776 16658 53
59600 33335 21
51535 58547 1
32349 16529 7
44661 8186 25
5094 10028 72
53075 47826 2
18489 54205 7
49253 27557 26
42981 51637 72
51190 45089 33
11688 22374 143
49240 71155 32
6274 48693 37
13622 17128 32
62867 33613 2
1628 32665 120
61861 50785 56
58873 25130 57
24373 75416 32
20187 39553 2
20840 24704 195
10903 37790 7
74243 21036 71
21732 62457 199
22956 50279 21
31362 19942 63
46467 60765 28
38299 46768 120
13274 13226 6
62063 70001 175
25727 12343 2
75181 59019 195
62771 24812 74
22895 45431 194
72934 46328 7
62053 32438 2
43057 64112 3
64149 22410 8
60691 13964 114
72837 44722 16
6354 30771 3
1367 27087 7
44284 23671 2
59262 72027 112
26771 49122 2
9824 17497 6
19670 73286 72
68819 9605 129
27581 59254 143
35951 21296 2
10221 49731 37
25065 58898 32
47985 55441 22
32571 40977 1
8278 104 112
53180 33257 6
7354 48758 94
61799 71198 132
50343 51435 32
5238 10277 25
47590 30843 21
50393 28211 94
47221 74230 90
71718 62758 70
46722 1340 21
57676 15159 29
70271 68382 22
31706 39343 10
70946 12100 128
22273 73549 35
25135 26426 8
59697 28167 146
45634 45289 6
62869 4821 7
53233 20937 169
2401 74370 56
51388 26131 140
39503 50273 2
74255 70129 22
40712 24922 140
48831 52455 7
44345 17294 10
28810 15375 1
16137 52516 32
21559 50526 6
8213 18332 21
31163 15706 24
11905 53906 177
64673 15809 29
35872 59250 112
65819 52516 114
17501 40971 2
31393 56321 67
11748 31620 48
12445 30193 37
29585 9275 126
66002 66074 32
64309 32649 10
51612 51615 16
48580 323 90
74210 18494 156
70071 54480 20
38980 10964 28
1244 18484 156
28115 21729 10
64558 49849 123
17949 72970 37
72072 67724 133
53938 51719 7
39455 5446 69
65521 24861 15
56354 59251 111
1383 15104 29
70209 55112 32
13209 56564 189
26830 35983 25
11625 54413 54
12600 72974 122
46012 27365 113
50283 50168 156
28680 3249 77
33732 67371 3
23967 56796 130
56322 62058 97
38671 67693 135
41206 53969 32
49215 9862 37
52163 70242 27
27758 67816 72
47544 48472 27
27634 68000 2
1786 33232 24
27125 70147 120
35808 15809 7
74575 64226 120
50312 35675 22
43173 12226 1
39451 50331 22
40726 35785 2
1578 70145 12
2360 29229 52
61081 9490 128
35421 20919 68
45727 25316 147
12810 44316 3
66169 21309 6
15614 65110 15
73542 53246 170
47846 29132 13
31795 30587 45
46912 21410 12
54718 7993 105
69955 33399 97
72313 21924 32
10602 19281 124
52503 64509 116
20074 53898 145
15183 35260 28
32710 43047 1
65427 32758 164
55508 17699 14
23713 66068 1
15913 1338 14
72114 32393 24
74887 17603 28
31332 12334 156
74554 16659 122
20406 31144 3
3186 63010 45
61953 25737 124
53862 68501 3
28796 68053 135
12965 39415 2
42965 18130 11
45078 60335 117
37472 53601 8
59261 25277 10
10307 28137 27
55542 50340 22
32528 51519 1
52504 56729 101
61705 44605 3
51791 36296 116
55602 18095 6
63756 62588 65
72326 15377 112
54293 12220 117
53875 28612 69
9982 8323 3
59532 58056 10
65238 56292 3
41299 14603 138
74377 35512 72
26066 24354 21
64491 12085 46
23350 66843 88
57886 16924 17
24138 62379 28
74787 57936 101
49022 1667 100
23514 2814 46
70342 25352 120
33081 56041 97
38206 61870 45
74164 6354 24
66554 43027 1
32508 9696 114
17506 8751 30
61953 52752 10
54335 10413 14
31282 56217 152
7850 37383 71
24443 7630 32
22820 3295 32
24695 58793 96
30790 54277 10
28225 55148 2
21406 43233 151
24895 46471 195
3043 59421 197
31254 56346 92
65356 18451 22
31826 28712 64
69240 23829 44
71323 13302 24
75228 37838 153
25439 12773 129
22755 44398 40
24828 3205 75
63744 38860 24
57386 61578 27
37294 49999 88
37669 8532 24
26838 14733 35
43463 48719 2
51692 60790 24
60574 23244 197
62840 13539 3
17498 32329 2
31700 12860 54
47388 14337 24
68049 10680 1
58395 40697 69
71300 12199 3
55646 35555 153
49208 26631 14
70947 20542 124
22059 50554 1
98 37819 173
2115 17498 2
70931 31836 2
18150 11621 3
24768 50963 50
67746 9934 120
27665 54432 153
28799 58870 2
39460 70931 2
3828 38198 74
3730 67756 66
19844 53679 144
43408 59146 2
59035 36688 1
67796 18430 118
75115 5131 83
58215 72293 101
300 37376 2
8870 66783 125
44436 27783 6
35826 41685 21
72087 30335 47
60878 24961 2
45802 17807 28
13890 4962 135
3672 23146 1
51258 55982 7
14677 28854 171
32533 37459 32
14163 65192 1
24015 1240 3
10139 27360 171
72248 52608 6
24641 40547 2
34752 58637 71
26731 956 1
69987 26280 140
28851 31188 39
61881 43305 6
37796 2148 2
36357 41444 32
24800 47076 50
30803 72297 138
61949 31282 2
3012 30737 1
10124 46883 28
74620 61964 3
56495 62063 99
26306 26975 124
41402 33958 117
2324 39477 75
66543 31176 28
37351 33858 120
19895 31108 31
47372 62707 3
53032 43773 72
26334 62689 88
10128 61466 130
15387 35915 124
56787 66078 7
10000 17900 113
75107 60808 1
72181 64249 3
65516 39270 3
75323 28505 2
15354 74474 2
51916 61910 72
17498 61843 7
62038 13359 2
2563 20456 1
50420 65107 2
4769 45201 147
64679 33174 24
12593 24091 32
2505 19201 148
54125 32704 1
15379 32034 10
59260 17928 122
43535 43512 7
71249 13015 2
16374 66227 40
51947 20483 195
13356 55120 3
13250 62460 6
72367 6370 3
62081 4679 40
18514 38376 156
38619 29132 116
60928 37798 14
30970 40597 26
52612 41065 0
4569 71195 21
24775 15358 50
40597 10518 15
32749 43652 99
24631 1674 164
2676 2814 28
52744 32409 2
51682 42088 29
31190 22013 13
26705 4768 122
37238 62369 101
14772 72649 7
17691 30850 20
62269 16150 24
62030 43650 114
46114 23100 33
53566 46297 13
70222 38826 7
12967 18977 2
16207 3 7
1191 45812 7
24965 38794 111
75036 72113 122
69871 43250 1
27917 30623 9
64522 8276 1
12655 25513 10
65013 33688 2
36884 17448 24
22752 7981 15
70434 63073 14
54297 25237 30
32837 53403 121
39474 33667 1
40184 10348 2
1573 46113 37
16594 68318 1
18172 5246 88
63519 71188 199
17506 25842 7
70827 14210 28
14502 70827 29
46354 25471 114
62220 14502 39
20677 20906 72
29658 50381 24
54313 66755 25
15809 47014 24
12342 39442 3
23957 73838 136
31023 30438 25
70805 5257 15
63817 45098 132
60955 62699 7
75069 24611 120
74957 62902 147
57622 74032 194
20997 75156 88
60829 41489 2
62461 44619 3
13597 61313 24
57122 39263 25
8268 74180 15
30816 17704 2
52817 59219 72
57949 43075 24
5159 38931 54
49793 15160 7
30559 14136 15
55500 9844 15
72976 11707 158
53097 63094 10
10820 33526 133
54543 1375 6
61714 55786 32
58566 53314 17
8736 2553 69
65604 21525 15
47137 47150 12
5097 37477 1
47467 20500 88
67813 61864 75
2167 58821 59
54444 37598 153
25841 47917 26
2681 54484 117
60726 50388 101
70631 26864 8
68747 61857 128
10128 27687 152
64472 70302 2
10331 69848 17
14479 26468 10
27269 8743 121
61739 21846 117
62471 24076 94
10935 2188 62
31978 14659 1
2061 29108 2
59043 28712 1
35412 30408 2
42245 13923 138
44303 64558 1
25298 67133 21
16317 59683 24
28893 28909 29
61107 61675 144
45173 61668 6
38987 39045 49
27898 37466 3
39500 8269 120
51486 8838 39
69333 20378 10
35933 3036 3
32899 1303 24
53258 39369 3
43727 5248 37
55540 5239 24
39162 21251 146
62964 39483 50
27904 64560 2
4881 8005 7
28235 3017 68
45435 36334 37
49805 18247 1
48952 48522 99
24569 51691 120
6149 38248 7
13132 38842 10
26346 1694 10
15366 68082 19
14018 33362 94
71029 37210 69
11873 24515 7
46206 67314 37
45998 48128 114
48957 68479 10
55101 32515 3
54411 62011 57
13929 53964 10
11551 12375 6
69863 75113 37
30505 47689 24
73850 22998 123
29959 13616 126
35751 37830 1
35012 45529 22
62949 63992 1
50124 69900 12
48793 24065 28
17478 11269 133
1694 8393 25
17517 71291 15
55982 62900 1
64376 31479 28
26513 71756 180
32709 4265 14
47156 38283 29
3011 55511 3
51277 31016 143
62449 63567 152
62839 4098 32
2132 30358 127
70827 18058 7
17450 61808 32
48623 45582 23
7264 49253 96
62922 39236 2
64201 8563 10
49768 19235 3
44890 42519 72
44365 45112 148
26066 58330 124
35782 35685 143
14502 6353 15
18251 58861 28
11843 43573 11
52455 54553 120
70664 13940 24
17651 60797 2
64521 36179 37
20639 38856 24
31265 55823 1
63215 69342 2
54269 74575 3
47160 39145 173
53710 59013 10
14502 67695 2
56958 57148 103
48686 36526 24
43340 15111 1
10776 53577 37
30912 29206 12
28519 32428 2
39974 54298 1
75302 58625 166
52526 45544 2
56860 24048 187
14070 55122 1
58845 25000 195
54551 66734 101
55467 47599 16
38803 62023 24
12330 1805 2
26309 17811 28
51166 16805 10
23451 23488 150
43608 67142 29
51537 64173 30
20125 23142 28
71568 41317 15
62118 35666 14
12259 5625 121
65151 28939 22
3282 11832 58
52748 51240 7
22062 9795 145
33404 21952 24
6262 56307 97
41276 70452 32
4693 42924 175
17386 52550 3
68507 54324 37
55926 20298 10
36127 56284 121
37478 35769 2
75121 27528 13
36221 61748 25
7439 48480 95
66497 26260 2
12929 10087 72
35703 13078 32
23467 28750 149
12300 60214 6
66300 18260 132
48722 14140 175
61918 22444 144
33439 51475 177
49768 22989 7
42954 12777 7
12764 26 5
7521 64154 136
1845 51138 57
43649 13552 82
27574 26647 6
39305 12656 10
3807 62970 45
42643 21572 29
37836 35632 154
73377 12926 106
26739 70827 10
24426 52534 6
64173 54203 116
11043 74304 52
58475 30441 122
12966 72102 63
25316 33428 7
2409 12906 75
28490 56468 72
166 51972 15
53619 59255 1
16874 71087 32
45385 35841 101
33525 10208 14
15706 51296 37
3206 61990 75
15043 736 25
38254 25476 115
18280 74600 117
58846 26446 120
48193 10343 7
40533 10136 144
47406 39472 54
30580 2597 64
15147 73179 69
56171 54224 3
62547 73793 175
32934 27582 38
21893 1835 57
2425 38936 62
25765 28143 24
3185 31777 48
16375 29094 26
4775 63570 72
23154 55799 176
18087 43284 111
20514 56811 17
13176 27844 9
45374 21475 153
61921 25537 144
74710 61565 3
55090 16652 10
64552 67048 197
5624 48274 26
65388 29162 29
38305 47632 92
67191 15204 72
30902 57605 10
70827 28440 24
17320 62763 10
5315 75288 25
52223 73949 104
60089 25418 151
62066 63100 84
26176 33434 1
10103 59502 32
49523 32917 97
53070 27090 7
16632 32718 2
75286 54113 116
66954 24920 2
9764 31030 148
22699 8005 72
10205 11685 10
36217 37710 27
58641 43238 151
43673 22127 129
63049 21591 152
12873 71266 114
25886 73984 6
17504 64315 10
62048 60875 2
54447 66371 29
62889 43211 3
28910 56455 7
9744 61915 84
24425 36339 25
60305 64330 2
68048 28518 7
53634 32737 57
65654 55255 2
58573 71001 71
70468 58702 145
44416 49633 156
16222 53864 171
31292 55094 3
61690 27525 7
60781 54295 24
15448 2681 2
51995 70447 10
2122 37332 59
73454 39427 72
8610 51621 10
30972 13156 24
7620 64550 152
23975 59254 120
15410 21119 37
21185 69454 122
18770 72647 6
74228 9778 144
51802 38342 139
53063 61904 3
26475 62048 167
20703 8725 27
46352 8260 14
9877 1890 38
38826 31831 7
52515 18334 108
17792 15374 10
30163 17514 79
72410 69668 3
75283 59272 32
15289 2246 48
62788 24918 146
5216 16453 14
36589 58551 29
31752 45354 3
8043 32573 109
57647 33164 99
29135 69611 37
67758 1838 62
73830 31361 25
10297 54560 117
61958 21443 29
35631 59258 72
66025 51666 32
21855 37394 144
11065 73031 3
47441 39266 102
11872 291 10
62116 57783 72
64110 8449 29
2167 31762 56
19856 25449 32
11831 40851 25
75028 59842 124
23344 32733 72
69084 67985 1
54754 74656 105
17495 19457 3
35793 20582 10
38332 12024 10
55439 21579 3
11913 52590 7
66555 50987 29
45389 32966 16
27619 59254 2
7229 12873 25
12405 32747 120
18384 52485 108
35710 25600 3
69067 72315 27
10842 50468 64
51429 27702 120
27757 11867 1
32907 15006 24
16310 52171 3
50112 9751 140
11887 41779 2
50667 31757 56
25127 18424 30
62324 60335 29
28805 65379 26
38222 71019 114
55412 53855 121
27427 64523 3
17107 22987 32
31161 31253 36
74526 53503 135
27649 21514 38
43363 13382 9
44558 71149 132
8243 17201 2
63202 8568 5
32593 33457 130
21796 35648 6
75155 62213 9
50389 5543 101
60867 59006 2
74045 14383 113
8445 63336 1
56716 66627 95
62805 2822 68
15088 28667 2
14540 40139 2
24557 26332 123
55150 30673 1
60825 28963 10
45586 31424 10
18353 73686 22
62617 50766 77
63486 70527 10
70835 35634 2
56242 9933 153
27175 22782 136
25308 15760 135
65245 72315 15
66055 31009 28
40092 25242 1
30444 27446 112
22234 9913 24
57666 55961 101
4731 5216 78
39269 888 2
68485 35878 124
56862 33202 120
53843 15809 171
38581 52507 9
37442 72366 10
58517 48590 72
73073 32418 112
62803 4884 32
31117 70586 72
66078 67716 32
3763 72367 141
39145 39152 2
3343 52359 29
64108 56630 29
25020 12281 114
21805 74507 25
53656 61966 114
41434 39681 2
52539 57870 2
27947 71014 120
1689 35734 2
14481 13359 117
68025 72253 1
68019 32974 6
37186 58673 1
62699 14125 28
14266 63367 2
45746 63116 17
15072 62984 15
57303 71433 124
39421 29231 20
47362 52323 117
17816 52510 57
1941 2079 46
46892 33446 3
46825 61397 120
46666 51853 3
58738 3330 24
62925 16700 73
52708 25811 69
74363 3450 63
33019 16271 21
45366 8351 37
8534 29096 7
69324 50326 2
32321 52630 3
17878 54441 140
43504 34250 9
3289 62742 28
41534 28524 2
13187 51390 15
60103 49229 25
24493 56848 120
48595 48787 102
23138 16455 143
56904 74698 71
73535 59051 147
1720 23466 67
37262 49647 171
458 62389 2
60743 33370 114
48165 38277 14
2218 43119 122
39410 39401 6
10853 73379 7
16839 5027 83
69668 41202 10
20973 7 3
48793 3165 187
49116 52000 87
72109 2101 27
55942 69435 2
6034 25279 72
63782 17569 192
61318 41758 1
70560 20455 10
20520 44718 3
48966 73546 185
69933 27348 117
33444 57067 9
35467 59255 122
28669 71253 66
60470 70898 196
56811 43506 24
56949 53696 114
3902 39462 46
24290 59273 2
57161 63424 17
38270 60622 37
46196 17873 29
12874 28495 34
7686 25367 3
41250 75120 138
12542 24237 24
17807 74249 25
53977 75302 111
24546 62188 72
25732 38282 15
62037 37373 10
9756 38638 101
16873 9868 138
18469 66278 26
23382 30858 1
64456 30896 2
19557 62325 120
59227 51900 84
44862 2751 37
15441 17726 29
75162 17809 1
61863 1747 51
42663 68047 123
51417 58546 17
61707 24783 1
67883 73494 32
1362 5818 29
2222 1701 61
32340 30873 14
24084 70766 7
73455 31305 3
62475 15961 2
30891 25890 26
64298 18104 112
1242 24436 116
70282 28443 2
34668 58625 106
27626 30896 2
73344 7152 27
50384 30908 21
6292 58725 147
21214 16282 72
58094 73841 10
43640 43719 17
32367 2631 3
17387 49391 37
69936 18455 37
25244 51584 72
73956 16980 21
25006 21421 176
28438 58716 144
7494 49621 163
46028 17512 35
37707 44472 53
11962 13554 3
38777 10261 32
33150 55152 2
12457 51833 37
75241 27721 153
65205 43448 15
39259 18489 2
51349 62411 104
32602 21716 144
62925 40848 14
19364 31340 1
63164 63571 2
52358 29132 116
49617 51556 24
19897 30655 2
3007 7914 68
10210 57342 100
31835 22408 3
29109 11401 24
31077 2110 1
12775 70631 124
32360 24820 50
15198 25339 10
14983 72957 1
71040 70292 2
39837 39267 27
39378 293 2
17855 62060 25
38888 63019 56
45241 71677 29
26281 35205 62
3226 39448 44
24691 10774 32
47100 57432 21
8460 74896 28
62064 47975 26
31582 64296 2
53178 56243 168
4271 39834 15
64326 20363 24
54447 60001 14
18483 52740 2
28700 62008 28
48643 42109 36
8597 28568 14
58887 8076 144
33338 12494 21
57658 27468 10
24809 30043 7
35517 54362 9
44303 33309 123
8282 48262 14
62459 74939 10
3935 11880 51
38705 37036 28
10248 24576 89
7223 24245 91
45676 2022 84
24457 1676 96
75028 7922 69
48896 14802 1
12503 1569 116
47551 10135 27
43559 67375 64
28770 51111 159
2488 35279 49
59254 72039 112
4084 2825 54
24636 47986 120
15011 61555 101
45144 67195 25
2026 47058 38
58273 57538 103
64509 696 1
59254 51554 1
52723 52704 68
57562 14786 1
50545 35084 134
8312 24066 184
58888 16813 3
61991 31605 51
26368 74399 3
17815 47537 114
70181 4155 3
37805 1816 46
74241 54128 1
5625 37248 1
14772 39260 26
30061 64975 3
70677 32548 84
62200 62025 14
8163 37989 107
60360 62681 1
35430 38081 154
30889 14859 2
45081 42632 16
64545 66280 25
62636 18049 7
53228 41007 2
62275 19412 36
61838 57749 37
2723 194 2
31826 3958 62
62914 23677 50
49768 65404 37
52336 27578 84
58934 55613 153
65545 17866 15
63114 53236 10
72982 10415 2
62100 38308 15
30954 51914 22
41144 8019 124
40771 57938 124
35566 75164 28
72004 19566 111
17066 54139 116
12648 11929 1
607 39372 65
33222 17498 6
50285 50406 1
44981 8803 116
48966 12475 120
29055 26180 32
30826 28215 1
25006 20994 2
4248 1745 63
59258 12310 122
27468 74826 37
25317 22703 72
57454 33055 15
3978 8220 2
64283 60572 122
46725 44856 2
27513 51596 111
16221 53476 25
70998 64516 144
21092 51592 36
66434 56457 168
1313 38657 116
12457 55968 28
28206 54286 72
60933 61488 6
43030 70281 72
15620 37467 3
17497 37703 10
44759 20811 29
71261 17503 111
60972 27628 72
32739 19615 24
69621 74901 27
23005 39323 7
37798 61769 3
11874 31187 72
50567 36861 134
72227 38775 21
52541 59255 0
67230 27558 28
52565 2110 10
15635 33100 164
54283 63736 42
31831 64383 61
37723 22056 10
26267 70307 116
48082 70827 24
4114 12916 62
68413 38523 124
52471 26012 57
4159 55500 121
26037 64256 14
60718 41701 24
28256 71500 1
21026 42326 33
16450 47050 24
39430 2865 134
61577 22314 122
20845 39415 2
69496 37374 1
52491 38227 24
48462 53309 21
18278 62476 164
71124 64381 2
24254 45262 25
28844 36445 135
15809 9924 114
1674 45474 21
7219 24434 37
26613 51081 2
10125 24481 191
10303 20763 29
7077 37526 37
52439 52425 10
28682 3316 74
74567 63844 72
35213 10970 76
72713 57599 32
32468 62811 10
25494 18066 2
62668 24568 32
30875 30466 3
61017 63084 73
51443 59981 177
64533 35553 2
41136 47578 178
67793 11004 46
19198 8250 2
55750 39457 20
1896 59309 124
55432 27362 1
32999 49088 3
41246 64341 32
56899 31058 36
20534 29058 121
75119 29191 12
55038 20272 10
43571 75172 45
61679 15132 14
57270 32560 17
50526 59309 2
24965 27447 3
37874 67809 153
69858 12021 113
68192 56329 136
31652 61042 128
57031 7549 130
12916 62635 7
37409 2032 7
61939 30843 10
52307 62061 22
38009 50659 185
13537 67646 83
59356 12217 7
48548 27558 26
49057 49207 120
45007 39270 16
20149 37886 143
59941 4783 37
23977 47364 92
22374 4081 192
75004 54331 120
63010 7670 2
53674 41246 24
71602 39137 45
64268 61811 24
29250 4001 52
26236 5388 136
59261 58847 121
42105 62034 21
24181 74022 1
45299 43736 7