2523
51097 26448 72
51149 35838 2
30480 64110 7
1688 62030 26
17363 33860 7
25882 37556 7
31411 31754 48
9455 31613 51
32480 46662 1
59260 36391 116
24485 2105 32
62256 36596 27
64504 19463 72
68370 3253 78
17091 2694 146
18969 74475 5
17114 54333 10
74862 56627 96
66064 8264 110
43063 30731 1
47902 41152 138
22610 25750 171
12446 69158 30
5146 3676 64
41524 62768 2
59246 56126 111
55956 61909 2
53856 71404 10
63610 25856 7
29045 53453 25
15254 13539 2
46648 18609 38
61416 49179 120
35184 64570 53
57547 30809 94
44892 28496 3
54420 52823 2
53300 56598 1
69878 10332 7
32485 73681 10
46360 55127 72
61141 55534 25
71028 43535 114
26632 69668 10
59653 41588 29
30852 16797 1
26105 33233 6
70987 62040 40
51166 16805 10
8294 25728 122
23277 64254 1
15138 38720 14
257 53564 171
33013 29140 32
50939 64602 15
62462 181 42
55083 41432 32
9729 23476 67
65775 51020 15
32426 62550 50
8011 11791 15
56073 2719 166
60347 74429 140
13044 32469 77
18988 73590 1
28012 39835 14
48740 70670 90
67454 39778 1
35122 64423 62
48201 32945 95
68594 1570 26
21057 71031 2
19512 13164 27
41725 9774 152
8005 69397 1
59743 8490 72
65817 1687 7
62809 20032 76
50383 6389 21
74506 20289 25
59260 62459 2
65815 51230 2
40740 68883 14
23373 66411 7
53566 53465 21
5123 17312 3
54165 41295 33
34639 19359 32
59302 40994 32
21806 11769 2
70549 47772 3
12903 51180 6
1511 47012 30
46863 37846 174
15153 50395 1
1044 24973 7
75157 62940 7
37806 35358 145
22940 48636 101
28737 8909 1
7487 67797 189
2466 38606 2
12951 62949 3
56868 45295 37
35048 36728 72
3654 12165 50
31232 12272 27
72970 38009 2
21390 46560 10
35551 32488 3
12965 62820 24
62048 39323 2
41810 17382 120
36184 37601 24
64491 73500 2
8414 1509 25
16799 62653 1
8469 35786 24
18936 58843 147
27335 24973 134
75416 51482 72
1901 28675 28
26815 73486 124
2264 30908 147
25456 54121 136
11045 68115 1
50295 58149 21
11450 73404 172
61533 70372 10
41121 55155 10
2772 38152 1
63499 7547 17
74400 22215 22
72315 11967 1
8608 22824 1
51176 68816 10
60084 15195 29
38463 48064 25
35348 32323 10
32548 57468 2
49754 47522 27
2503 3658 45
64132 51415 14
4030 31417 56
71419 69533 21
12454 63592 132
67890 27720 1
15015 69781 2
28258 41460 10
54314 60825 3
63115 17716 19
53859 64342 112
40150 17998 1
14492 18491 2
71619 35268 60
12847 64319 28
57567 69792 88
61589 64547 101
43241 73338 29
2264 63574 193
22833 56417 33
43268 22718 122
18024 21150 122
17452 44296 123
35929 20099 30
16338 27618 144
12532 72329 113
28477 52850 15
1660 71575 24
62729 68581 1
32878 32972 3
32698 51973 101
45924 12604 123
43060 62840 32
11121 62838 3
32358 15103 2
1402 18044 30
7645 19711 105
5667 20835 33
30150 70928 25
64467 50463 2
49408 45806 13
39019 22612 24
71649 69227 14
51436 28554 21
12014 44673 21
54300 18013 3
31192 54069 72
69086 37848 1
62455 2536 2
25961 39421 32
23129 59216 10
70828 47655 7
32719 39707 2
64369 2285 66
53659 60783 2
54628 59699 114
9803 60785 2
12332 33300 184
72430 53594 25
69278 24171 40
71070 3700 77
52377 62207 72
56021 14987 166
40946 9686 37
9982 74160 1
62061 56146 125
32579 23350 148
52554 17400 11
53856 35790 2
18096 40834 113
3663 2248 76
2941 45459 193
19848 16495 2
56997 66909 29
43027 55968 2
30895 50290 2
24129 56248 7
66674 6016 97
47829 1172 40
19206 4999 3
49122 58722 1
62044 15796 1
35609 35215 6
52371 64316 84
46325 44686 113
745 45286 72
25990 51198 120
24792 35280 62
64553 32615 144
68502 12462 111
71027 59246 0
68674 4783 79
19660 52177 7
9658 59255 111
39754 53971 1
67290 40597 37
64460 71758 7
19283 41188 192
54161 59400 197
32915 49272 24
11884 69308 57
30714 33461 1
12499 8107 24
39092 28134 10
30542 50729 157
39147 12348 3
8532 30946 15
36325 28302 72
57357 60278 197
36643 35985 7
73133 30925 24
37895 31334 13
44719 15983 24
13108 13138 30
55610 15096 3
37236 37800 7
31355 64401 63
16159 25791 29
20774 18489 7
51274 51359 27
23466 11230 133
64189 45672 2
69535 4568 138
56026 59545 136
45881 27549 7
73066 39474 3
41398 2746 68
3499 15831 2
41063 13877 57
66141 52484 109
1206 59255 116
62272 49458 15
19976 70959 1
32661 16720 2
40147 59032 2
43179 61685 25
62788 27960 72
53862 28967 6
41687 64296 123
1779 39259 14
32761 52038 27
29752 28665 56
38118 35320 154
18219 25561 142
12199 38202 51
41840 50360 138
10917 31738 56
11797 4170 62
48658 50264 122
70828 53845 32
35324 35274 57
30931 65302 36
39144 59276 2
31652 61042 128
1672 33348 166
51606 58630 71
45112 8045 25
20373 31209 86
4844 39458 7
17607 24209 28
39829 55148 112
23041 25801 7
14717 54118 10
64228 59526 151
54944 62910 9
68721 38486 26
956 60794 114
52098 59356 7
67688 51570 102
16018 9868 26
25404 39854 124
54849 55015 105
14378 9735 101
64379 15364 2
24062 74233 155
54614 41474 1
4668 64095 32
46837 35311 153
58790 11872 2
32902 27571 37
63861 52570 132
66271 59280 24
39267 9721 25
62064 48165 17
36228 67698 25
25817 12652 32
22459 59255 10
60722 72750 114
42024 44560 14
48403 38476 38
73061 9627 154
3833 71696 76
62064 11887 87
19129 37401 1
69261 33428 51
4233 69814 16
14094 24515 15
61584 54416 3
66432 6862 21
53275 59059 2
72337 28866 3
25999 63309 1
1775 47277 74
62975 3658 51
41293 60818 10
25799 27509 130
23090 65331 35
60745 31134 114
56631 62061 2
25343 63323 111
56287 51322 72
70150 30424 117
19033 8664 2
71258 32528 124
65578 49768 14
8825 23194 27
1819 23623 14
45951 4619 37
21580 59067 153
71342 20805 37
17085 60310 122
39337 17212 6
57596 32791 190
30883 29004 12
52461 61539 114
18431 31502 32
10024 72503 3
38920 4125 1
35376 19243 2
70448 24692 2
35607 27184 153
28295 58857 1
42229 27507 29
56668 60308 25
32546 29135 72
35246 2452 28
56844 48026 12
28613 72804 3
48192 45943 34
40031 13098 130
48015 59352 24
15323 14146 3
39458 64150 72
44956 29017 12
26118 24381 1
62905 16235 2
58207 73090 114
22807 51203 143
24452 1683 136
5142 17742 24
32710 71040 10
34877 44043 106
47254 66399 71
50640 60826 72
62459 7782 9
25390 59276 140
17787 71235 10
54316 58925 117
53720 49286 3
19565 54311 101
4391 60719 1
31772 4116 57
64226 36409 27
30437 40916 3
60310 55631 1
21742 8397 140
69490 41080 57
27827 28810 2
4911 26205 29
7575 58946 28
51614 14502 37
28899 46043 172
22563 62731 72
11945 4769 7
8011 2743 109
51744 3003 69
1619 8216 10
67678 31241 143
24883 47721 13
37369 13242 1
10034 15767 24
39262 61786 40
63062 62662 70
12825 69521 32
15886 60691 41
17833 64225 118
39645 55119 72
27540 58916 120
64145 4892 171
72204 28767 6
5160 31768 63
24262 6623 25
61242 13715 39
32584 37410 147
42243 47864 29
64394 31786 2
17818 17125 28
25323 59322 29
49520 22750 72
61881 15305 2
22945 31514 1
40782 44176 177
44562 62048 25
13169 19180 7
65006 3170 14
5250 62272 39
7157 58222 191
32548 53323 32
54335 12356 136
19283 23775 119
52649 22760 68
73813 45624 22
24761 62004 29
40668 70464 27
67795 658 30
68812 59234 10
35560 59260 144
60817 535 72
32509 17029 7
43717 7801 37
48998 20166 3
29697 11791 64
6452 32779 18
5873 57602 163
27390 14502 25
24633 70828 117
61871 35155 62
12193 62436 15
42965 27763 2
63079 32506 32
43669 7488 96
64481 1918 61
43148 15809 122
75490 69323 25
65481 61381 25
33425 20329 53
24121 39270 113
39276 50084 37
18294 17546 7
69643 31449 1
25625 64263 3
35255 2952 76
50369 5649 90
71567 72302 12
52457 41883 29
12961 12818 63
35213 24819 54
35258 2077 74
6291 44213 134
41303 4747 67
19812 8533 14
54603 61647 32
49194 31336 16
17582 39280 37
66691 53021 169
46448 26274 143
52249 59455 121
25944 72818 122
52467 60697 29
28537 38681 28
31288 15594 37
21292 30900 2
45112 64540 114
49520 46549 1
2384 26357 3
59858 24965 112
11610 3658 1
17815 59294 2
8154 21116 29
63035 70513 3
74926 19782 33
28362 33440 10
18489 37251 7
43345 17458 120
3249 70219 63
10171 30431 30
32403 66844 14
25584 44316 2
2426 31430 66
62728 27419 69
63763 62661 65
51402 73536 28
67507 43260 101
48725 63520 2
28860 54392 2
64211 18443 8
27705 56291 152
9868 10355 1
11021 5191 75
62268 49437 175
39390 18460 2
42621 8371 107
53759 12726 27
58449 33389 96
655 58978 28
50382 14967 2
10751 70354 21
31717 35820 10
55434 5234 7
62707 19796 88
10165 27867 65
16627 43090 2
68492 12349 72
12504 59753 118
54335 28428 25
62193 67319 39
75279 64256 28
75123 43005 2
53338 27540 7
52454 17709 116
71640 24792 62
52506 36060 25
26473 68703 2
62216 51807 24
24487 75060 6
1051 1394 1
50538 12702 134
8 50397 3
75354 10854 15
24314 51427 17
75084 50694 32
71206 25098 2
2977 2415 7
28047 55535 15
12486 19538 121
70412 26748 37
41473 21015 72
74333 8870 125
44467 28314 17
46946 40622 37
24363 43096 1
56323 58315 182
13597 61313 24
48658 45231 117
61707 32508 72
62339 17810 39
48825 71493 90
29232 18847 2
359 72071 10
62705 64498 3
60117 62131 124
25001 1234 12
33485 40815 3
1658 9752 29
58426 31243 146
3117 5862 10
49521 48922 21
60863 12039 8
54209 30859 1
27545 57090 25
28548 28588 3
37387 2999 3
6252 18370 184
12850 61148 71
31721 35236 54
56056 23958 3
1691 26049 1
61237 24542 32
74792 48286 29
51554 48095 27
31846 64384 2
19899 49476 24
61737 32595 114
8803 8840 112
2129 21962 66
4765 12716 180
35670 54565 2
19558 25764 115
38669 74390 24
32896 8628 130
9994 32313 133
49948 7860 2
62192 23958 72
20272 17839 111
12924 23026 7
68730 70316 2
4116 28672 54
60006 17833 122
59290 71000 28
32941 55144 3
72992 12921 52
13359 18839 141
33537 33478 3
7410 68837 163
18056 48852 147
60809 70781 72
24792 38994 60
73828 59312 2
50282 43349 120
74842 56015 183
71123 51870 19
24768 5201 65
1431 74104 25
69243 38077 6
5162 61995 54
58033 62450 121
3453 39142 64
54300 5277 120
16146 15922 14
46369 38249 29
11608 70332 72
13997 17500 2
7134 31215 72
41753 64496 117
20192 2410 148
71250 61977 2
51939 32710 195
62781 37709 72
33628 7039 148
71076 8005 70
61665 11930 2
74873 18619 10
59276 40335 7
55473 48028 9
69488 53192 7
60723 36252 101
17104 30627 194
10630 42287 32
37223 12417 32
57574 34133 21
64547 60673 7
1302 15804 101
3533 30604 64
23308 23069 121
71069 2551 76
68519 60133 71
68232 61273 6
37777 8005 3
27752 45808 19
36369 14502 30
13357 67841 82
75176 39234 2
73892 35534 10
36934 2541 145
64488 62706 2
71231 40677 29
38594 57453 95
55618 40753 1
72213 49401 24
39160 4812 2
21973 14769 3
23195 35720 1
72637 19755 3
59260 25737 27
24843 35138 77
43036 12599 1
32939 17810 29
37745 2345 46
69981 38756 12
59937 57083 10
63021 24910 1
68968 48815 136
13224 54598 117
16622 45719 3
45442 64162 25
2682 51507 14
64188 9886 116
12243 44127 124
1742 3168 47
63999 736 10
52065 27133 116
62715 55153 7
37781 53163 72
58921 53868 124
60778 33358 2
67370 8435 37
454 51180 6
40388 53829 69
50295 53224 7
58312 56172 182
63350 36553 10
18060 16972 71
39275 39827 25
53832 67290 28
33638 35551 143
38207 39376 2
31192 35784 14
53321 41031 24
1530 19276 37
70048 18466 156
31231 67587 71
49768 22989 7
30996 73536 37
5588 57459 163
56390 15375 6
30202 9198 79
59254 49162 32
11553 70068 120
13113 41797 114
10937 5172 75
51201 26764 6
70061 17808 27
8277 39145 114
2234 70219 51
30571 62063 3
65762 46904 37
31034 57516 13
47051 1658 30
13690 16951 29
7998 17985 69
64211 33439 72
39453 9675 122
37727 56459 42
49281 47883 26
43575 41771 10
2104 22324 17
28794 62989 147
23404 41112 41
19834 44303 2
3978 62449 2
67173 15026 123
28103 64361 2
4871 51716 37
17807 17585 25
69652 57893 10
66288 62064 117
30885 38740 36
32565 24784 10
12981 39270 10
30628 5018 7
50385 54994 3
38198 35251 74
53915 23974 7
3580 32349 15
13646 64242 37
18276 51777 120
41915 46533 10
37874 75189 173
56064 57994 191
47724 52490 24
75056 17852 10
71074 1363 88
2613 25553 14
32321 51776 72
71032 381 3
14442 74523 15
9810 17676 116
4297 25968 121
74136 5224 60
40607 39235 9
64618 47186 2
30882 19283 17
39371 64109 7
52182 62449 2
26625 12331 3
16382 32597 32
8005 59921 1
28727 62611 150
52616 14209 0
35349 38627 3
62955 52436 2
47064 23798 50
55864 19576 120
62725 17737 10
26839 27374 120
30930 53470 1
26786 4616 10
30920 67319 144
1848 39485 75
1298 43383 2
17485 28140 10
30808 74775 15
5807 56316 167
21015 4921 3
41385 48658 32
73938 75170 3
32986 10244 167
8497 55539 15
35787 32498 2
21851 24659 147
38757 19873 102
53854 10271 136
3324 46612 15
33294 38018 9
54059 59260 116
690 62636 10
2186 37542 9
49064 27477 114
1821 10385 133
56513 15387 186
8396 62496 94
59251 49410 116
2885 12446 68
72068 29280 47
43250 53629 7
30928 32788 94
30930 23197 32
47156 52496 21
12474 31332 113
53838 70178 25
28772 25463 134
71582 22030 192
48231 27296 180
2529 1960 28
60727 60799 24
61504 72293 130
1798 12882 62
43575 14070 1
56996 59267 2
17510 41096 24
3502 12958 76
1666 60484 25
18634 25669 25
5250 19168 7
43242 43387 3
1925 67801 24
4073 29109 57
17621 60011 71
10953 63083 2
61331 52395 21
64336 50397 3
17816 19035 7
40014 46050 176
67702 15372 199
35284 33429 28
9656 29138 172
62464 51987 1
35750 37479 32
51162 32726 2
29325 42977 1
59366 47210 101
32859 17348 3
57757 20479 15
57625 48148 164
60733 53827 28
70835 62597 3
33789 64608 1
48627 24265 28
22143 56110 107
65688 17647 25
1948 63894 65
1782 1710 3
40829 4312 120
28353 52978 15
8347 26654 109
53623 61831 72
26258 2260 122
70431 28784 7
43200 12284 121
56905 32087 15
51572 20710 36
62457 27687 3
3695 3486 66
75000 62845 3
18468 29198 156
8928 64371 2
54567 50346 1
62007 38939 11
25197 8555 140
71807 1240 188
51152 65749 6
21492 19860 145
19895 69196 1
37620 31498 151
65033 10629 15
59304 18145 27
66373 70360 24
57185 62064 27
62437 59651 33
43147 37463 3
64157 33458 3
8502 7981 10
55763 50579 1
58258 13038 25
24841 72898 50
60713 24344 101
21608 74792 32
24504 47471 164
61966 48548 7
71234 17815 15
47245 1689 183
37368 56369 143
59931 8005 1
1360 40656 25
54189 36376 7
20451 62060 26
60038 62345 72
39255 37207 32
27592 20878 114
66674 48814 155
49271 63046 3
14792 51446 7
15363 70830 10
50338 51771 16
63109 64228 8
51551 31334 21
18543 10185 25
31087 6286 10
35556 62810 75
5256 74729 38
48356 47932 14
25244 51533 2
8439 44531 101
64987 51206 37
12548 10357 27
14822 64499 7
54240 26561 101
7219 24434 37
27678 18086 37
67622 31002 13
9868 21479 10
12703 45436 29
75253 23110 199
26582 33031 24
17503 28390 2
28830 33071 2
55144 58306 10
60783 72807 24
1029 13253 7
45507 1765 53
27115 69264 25
39200 22298 1
43707 61312 27
17812 73823 2
9928 2801 32
50613 62790 3
54728 59323 145
73464 10038 173
43132 43401 2
50323 39746 3
39029 3627 74
60769 5956 24
55150 75266 10
13529 43682 83
66072 49893 1
31114 42322 138
70286 31337 101
42866 59234 3
71241 40404 112
39134 9019 126
39457 18953 141
55550 54416 3
48787 9859 143
24784 5670 185
4892 38598 83
45481 17755 35
37478 64150 8
69985 59947 3
70433 67150 130
54742 43940 145
16356 30864 24
46065 53646 114
17805 60715 2
43615 74027 17
24538 46783 35
43686 34064 37
34611 12676 106
19225 21659 1
39477 62005 54
35729 59340 2
64328 37289 120
21885 61685 27
70393 28607 180
57197 71910 94
56632 53356 18
59261 62875 10
40878 13662 25
35939 27931 7
62462 62116 72
30932 52406 147
74083 56792 120
26707 17812 122
69668 61927 10
36409 64349 117
57035 57379 187
12857 68369 62
38945 2883 64
31851 50398 133
15703 60779 2
71258 60529 114
14402 16606 1
28605 12403 35
41983 49087 178
58773 16364 88
15809 75023 151
245 69495 2
14700 54038 72
12048 27785 7
2421 31820 49
64281 1658 2
51378 61746 114
27830 49034 15
74554 52357 33
57904 27707 84
66543 31176 28
48733 74891 7
60878 58797 10
73510 32952 24
67320 56056 191
28901 15173 2
12396 51572 6
31739 73529 47
17375 37741 10
30865 70397 1
57347 2145 84
33478 11116 162
42804 67821 24
38610 16482 32
10087 51409 152
64167 38383 116
8175 62803 110
38045 47980 167
35299 11708 62
46299 75416 3
57409 33281 25
61149 54271 68
35242 2689 75
62627 62519 67
51480 43059 143
32672 39381 2
650 26386 5
43181 1672 136
41245 60012 32
38207 59246 6
15384 50273 88
22242 41144 7
71124 64478 2
10911 5167 75
14276 24363 1
50809 30485 157
17504 8811 25
54232 43111 7
27690 37745 53
37073 33102 130
55962 27718 154
58747 27647 17
62627 2557 76
1755 2397 57
1630 48023 3
15379 20881 144
16520 40063 9
61199 26384 69
33346 24141 155
41460 15446 117
24213 66536 167
69574 14445 29
48826 17809 27
28835 74559 1
38332 17813 116
47338 15531 24
72109 17999 30
65400 43575 2
67223 64574 122
2085 30353 43
16975 43127 7
35745 58818 7
12999 51598 37
26469 17818 111
66077 43584 1
58508 51491 143
72125 5421 91
66828 1672 188
35214 35235 57
15809 61211 40
47439 28495 22
60731 38805 38
19816 31590 10
58382 15245 2
26625 17458 2
43047 62686 70
54143 33120 21
41014 40970 2
46005 59081 10
55131 32323 2
57676 62669 3
39030 61087 128
75383 30901 14
55108 65321 3
53861 2262 124
39054 31779 63
39272 17946 27
40205 48658 147
61637 15620 153
31501 21423 72
47517 59822 117
22208 24466 192
66461 62206 7
69767 20923 120
23070 52452 37
31724 29930 79
53364 48791 93
40612 1059 25
64601 43077 120
14419 11754 143
55573 17816 15
25733 32777 24
51281 31099 185
5323 43060 120
57519 65516 2
43126 38493 28
48227 57363 98
4235 2305 64
74588 851 2
66961 60036 10
74554 52883 15
14219 18282 185
15136 73746 72
51455 39671 14
33398 44272 120
14502 13655 21
37450 53775 1
53579 20183 37
49198 40593 25
55084 61394 1
52714 70712 68
53694 37752 72
30420 52285 14
5151 12853 63
17815 47338 37
3936 28680 54
7681 55931 10
12339 58589 124
25433 68644 118
62672 67807 124
24547 70371 122
1724 75146 48
9933 58275 17
25662 45365 17
41475 13007 117
51814 45143 30
62852 62031 7
52244 73070 144
27829 54284 72
50461 64124 2
61557 56335 71
53864 73303 32
17676 61560 29
51144 24885 2
21672 18123 124
56192 51144 1
31064 62043 18
15362 38617 7
16516 33399 83
74395 30432 14
5201 18290 10
1767 31589 47
11990 63512 10
69865 7813 71
9847 51415 101
24428 12735 2
62787 14211 29
64505 24795 53
34433 64514 129
10602 46163 34
64868 29066 28
12225 46321 1
62455 15103 2
50293 51475 3
2494 56405 2
18780 18754 141
53268 62810 195
71782 49296 38
54526 38738 27
49066 66674 33
43203 64140 151
5083 58888 3
4201 3911 15
41574 57412 1
59060 10116 3
57210 74822 94
4207 3481 6
61419 71536 29
37781 28661 46
15122 2547 3
48121 64526 7
22549 1627 1
2872 32577 68
31149 52042 1
66655 22819 7
70547 65857 2
13597 40860 3
54419 32380 6
55590 56179 144
155 62963 3
55577 70088 24
8253 17387 2
69986 64156 2
74274 72305 29
36566 27124 25
22020 1240 153
1912 62630 76
39255 49864 26
58909 61678 194
17413 20996 3
63777 17503 2
37259 470 9
22258 15973 135
1968 28660 64
34267 35090 69
2059 17278 2
43496 57609 29
58246 52707 68
17331 22750 3
58875 73530 153
35276 2667 28
61374 43673 39
31269 62640 105
1687 26171 27
39481 67815 60
25614 67289 14
32333 44316 9
25236 39162 8
4580 54119 3
44503 28566 28
21944 64532 3
2366 28716 56
12509 27656 1
9250 29285 126
33088 52214 94
54214 62455 10
11483 71034 1
41026 39275 24
24809 67987 14
75002 66329 24
74528 75279 171
30869 47179 22
26903 51558 7
60766 56592 2
28603 73744 9
52707 57238 68
49272 62449 10
20962 17837 32
33272 37533 130
72333 64349 30
56361 45322 166
4080 71087 59
1549 62252 14
35696 17018 26
12879 65166 15
42986 12909 7
56593 56292 29
59855 24006 21
75093 74025 25
30436 62447 2
64528 64161 112
38459 61812 28
58905 60708 28
60811 67182 10
68817 34414 119
67602 39890 14
18346 15244 1
65946 23420 37
73018 1213 3
1240 75425 120
39134 37273 130
26207 40870 10
43060 2032 37
71249 42993 2
28826 55957 2
70602 18251 184
62064 12394 22
42081 20317 2
39924 72452 124
62844 17805 14
64292 62023 2
51522 74941 33
33733 2874 5
60703 65198 41
28841 60630 7
31011 5994 37
65543 65055 7
53836 14502 171
30926 22336 143
49520 64288 27
61369 74206 120
56647 15711 185
71038 61301 39
15443 42999 28
67452 32835 124
61048 1861 67
53258 39827 2
24762 20845 10
26145 15380 111
8717 24440 27
55940 55083 162
10343 4734 3
70649 74562 124
12858 3812 62
61220 33128 2
15611 14017 1
72058 2353 48
35751 73454 1
67670 12086 58
56102 12862 72
51559 71920 16
32698 27168 111
956 12742 41
71879 71782 40
51554 71373 33
12349 63111 7
31638 18385 65
48198 1667 29
26302 52744 14
15036 58804 132
74566 31205 7
64038 45112 144
7584 45674 107
67146 25503 7
65948 39489 15
41680 12462 37
61905 62302 72
53703 15799 32
53934 58564 151
74581 55472 9
35320 39153 173
55578 24829 2
73939 64208 3
69494 374 5
38643 33040 2
17474 22722 9
27331 61560 1
4092 2237 76
17504 62718 7
3994 61989 74
52542 16226 2
27356 48269 112
18463 55952 2
28900 72825 156
51168 37248 2
64560 5094 7
2080 62806 75
17189 72739 67
38996 31702 57
43108 62524 50
73998 66392 2
49482 47571 22
36546 57611 25
64275 60023 114
66161 27184 7
39486 3175 74
30420 46754 37
36222 51520 29
72971 51839 35
6356 69668 7
2891 35141 60
40708 74685 37
12728 58639 71
36731 41287 28
55102 32595 3
51499 56554 16
66809 15836 1
27992 15300 29
36335 62617 123
1531 70981 2
2161 68369 57
27566 70819 3
74136 67320 91
62419 47794 39
37408 2925 10
32729 21897 72
27687 58885 194
3340 73749 37
64512 44948 194
45233 36449 27
1760 10846 75
2613 52464 116
35776 16845 3
28095 54200 180
4031 11648 51
9028 61974 133
62457 24338 1
66161 37975 1
13146 67680 113
60129 1087 3
19946 28645 29
59610 10569 32
15883 45218 35
40606 50032 12
65972 40724 2
53973 58687 69
20675 2342 59
24543 15809 29
53905 38607 29
24189 55818 21
70268 50370 16
26750 54336 15
64260 36291 116
55474 70388 25
29250 3136 64
24925 26942 37
12027 673 5
2974 58650 71
22319 49888 95
62637 36501 25
54489 27773 2
53655 2060 132
63606 68586 152
26764 68811 114
38966 5157 63
30834 57519 21
18512 14502 24
55940 23382 2
53889 59260 116
71238 3169 3
53737 883 3
9709 43228 122
34999 63115 129
62805 68066 1
27885 26228 32
32739 19488 153
57112 24698 6
47302 39469 28
22888 71400 145
54331 64539 117
1784 3663 78
72284 26751 3
32488 39144 153
20845 11621 3
33475 25127 3
5936 49207 96
1274 39337 15
16870 60771 24
26682 67015 12
70319 37409 7
9868 15528 135
59258 36829 10
64133 70980 72
62282 17639 16
24429 18105 7
33340 57737 96
43476 43219 15
58340 62697 10
28851 12594 29
11925 64439 2
3675 24515 7
13269 24218 37
64992 27886 10
63356 10858 24
24181 28515 28
12247 12352 122
7553 57760 191
46297 46791 19
63104 20350 144
54631 21010 57
73865 71112 45
30912 30592 2
74027 74576 29
64405 31490 61
8847 12666 112
68846 70419 32
40632 38207 83
74584 18342 199
44806 29915 3
37290 69091 135
37266 47552 21
52508 24001 120
42139 62731 32
12295 48174 29
2588 54670 71
18159 8518 1
2880 12344 25
71174 27761 153
72038 20845 1
59461 20918 197
53499 42596 21
62780 23629 46
69664 31094 29
70124 47465 7
35751 37830 1
37401 73754 1
62707 24272 7
54114 20274 147
25574 35746 32
71358 35252 2
15706 19719 2
22750 63076 7
71853 1672 188
25660 39130 3
37093 51854 28
51326 21341 7
25001 71038 14
50303 47826 3
17478 21342 7
1375 54339 14
5219 3269 62
62122 24631 120
4235 4277 44
27097 62652 123
12044 31858 14
54069 24499 7
13102 37402 7
53668 20812 144
28454 4771 145
54278 22294 29
19858 23418 27
37459 51862 27
21602 27626 25
70937 64246 8
35988 27744 26
3074 11841 69
24899 67864 24
10900 32689 24
71718 62758 70
53358 47385 27
36702 31396 37
59255 46471 29
42823 21317 14
3918 30394 51
15036 37404 119
56442 11230 3
37148 32620 144
21556 24025 38
38781 48273 14
22492 61793 39
32880 48614 188
53887 60963 71
39430 67742 65
38784 58549 124
54587 12601 7
17815 30882 6
27834 27252 2
3175 35143 60
70572 19875 7
61947 53668 72
24805 70531 15
39155 24107 101
16641 20845 7
73953 57308 189
65499 72133 2
30567 55155 117
69451 43625 25
43029 58841 1
55857 53852 69
7444 47502 97
72441 7555 136
5690 7079 24
39434 69945 3
53908 4762 124
32442 66086 7
64509 27730 147
54298 27908 26
49984 73674 140
51379 71053 37
73676 8773 30
13149 39445 1
31671 61115 51
49768 22666 14
802 57477 10
27604 39446 154
75193 61893 132
43175 40599 21
32646 62695 1
67729 71275 14
59961 10674 32
31795 38960 74
15142 31270 147
1689 65497 25
4844 63113 10
12984 50603 1
45576 56617 80
4807 43609 35
16515 56321 7
42923 8241 67
62982 38463 2
37403 61799 1
64138 49944 3
53849 59254 115
45886 71507 112
6911 33134 97
10363 73061 7
8433 12986 24
25454 1617 140
41895 45153 27
54917 40629 9
53652 26142 101
50740 64389 158
8081 2691 191
12673 26838 3
42851 9901 2
55963 65652 3
64524 43192 29
33575 8097 10
71263 43236 1
25792 74413 116
62788 62780 70
41632 71108 15
64217 71101 3
10111 47100 29
4762 71242 124
21087 52024 88
63102 58870 1
64498 27651 154
6353 54423 120
4245 31702 57
1425 60536 1
51391 58450 17
22534 18077 24
62454 23959 120
70247 28591 14
10131 28331 153
43067 5086 1
49250 30923 144
21587 24192 36
301 74387 2
3430 64246 7
62941 70830 2
15809 53834 151
20329 64509 72
59311 53641 29
70740 39596 69
61416 73159 1
32697 28527 2
12455 9914 114
52217 65854 39
21079 72954 105
49768 10987 120
36602 20013 101
34050 35980 71
12665 18165 24
24660 24421 94
63116 28844 3
28712 2734 78
24399 32566 120
67678 73414 29
2545 52115 72
62824 39455 3
40610 69897 16
30825 22007 2
9688 56999 32
69057 53611 8
65804 35211 14
15384 67319 21
17719 12502 124
61725 44332 6
19037 60122 10
48116 55939 2
61969 41426 24
24367 63467 192
40208 12285 1
22867 26446 146
74055 45260 10
17833 19366 21
49196 50370 24
11914 14990 29
3499 46311 72
4812 41749 2
51388 10540 7
40934 9675 120
12641 13137 114
41027 62061 26
12387 42088 29
38238 53906 122
62936 26612 15
1464 61907 10
70432 30439 3
47637 26202 21
39155 54429 173
4063 35974 10
61969 62980 7
38821 43600 37
47991 35763 14
67128 54080 32
50575 43773 134
36428 46951 24
48948 27941 114
38694 66633 12
72738 48838 37
41576 58800 10
65613 27949 3
48083 15421 184
40804 64578 25
33654 33697 168
44678 48301 17
32673 21801 72
2167 74146 76
24815 68753 51
24273 51277 87
39271 13125 37
73043 56948 2
65500 17510 2
61788 61745 3
8674 37250 110
68048 24093 3
66342 8308 28
24642 61354 7
22649 61730 10
58790 32472 72
18022 59262 3
13085 8005 10
58462 17497 10
35277 2661 49
28465 28485 112
59259 70532 15
62511 867 50
68013 65467 29
32971 47922 25
35666 39427 2
53344 63114 19
70947 56858 1
7314 66800 191
57739 53329 120
24776 66077 1
63118 19699 143
56292 24707 101
4950 27570 83
66077 13014 1
45738 47755 22
27117 13030 124
28802 14917 26
52365 24741 117
1164 321 2
3444 67819 56
63299 46284 194
59246 28022 118
61076 52171 68
63025 39339 133
48680 16579 136
50398 69667 50
61806 11932 27
55960 62464 2
21285 12559 117
74862 50653 10
30502 28419 1
49164 24374 10
63970 65332 29
30965 41113 6
7681 62984 15
12817 12874 56
47510 31090 18
44036 53851 122
51716 52221 39
37930 55635 153
56080 64401 2
22127 71123 25
62887 70412 2
32477 22750 7
70509 658 2
12938 64133 8
48696 74235 23
13929 69740 28
49480 32087 2
56113 6852 92
3367 39087 11
56475 23900 42
3170 23084 1
28097 59254 145
19519 28250 72
11932 29132 38
52669 56419 1
63022 10821 15
61267 39200 7
30266 52039 101
8457 43165 189
1783 71604 49
14144 18489 2
15942 64348 117
72828 54316 30
1029 47723 35
68038 17459 24
38207 52614 2
12592 9888 114
55217 63106 2
16044 9941 24
31584 10990 43
66244 5349 91
1395 64605 26
25630 72765 114
20139 61112 21
7838 52629 2
12726 22569 14
71717 22940 33
49552 74033 34
56207 67481 167
72486 12779 146
61496 40171 6
65328 73485 15
68010 43069 1
59250 64570 113
26264 49742 24
23368 2788 30
68813 1883 32
62389 51512 87
8681 58955 32
27535 11625 51
50364 53060 2
75223 19466 199
32922 33389 2
48886 18291 10
215 53874 0
60582 52169 30
34027 38464 117
49890 53323 24
72844 20584 3
37733 24790 50
16899 51158 72
8691 47105 1
38004 26318 173
2501 72727 111
62426 75116 29
67320 24440 164
16486 8617 140
31415 11801 51
33973 51218 1
4685 37410 10
56977 59035 24
74931 67807 124
15812 14945 1
18908 32443 6
73834 31381 114
53799 44637 117
4068 1848 76
49615 25428 7
10369 36077 171
31289 61857 1
48978 66422 187
74668 67825 3
16677 25803 122
15225 60821 72
33114 61934 130
58745 50940 32
41736 20515 143
28565 39893 29
31634 52183 3
37027 53870 124
16003 21546 27
31151 23086 24
13266 33447 3
66081 47126 1
58798 41886 1
53224 39669 10
67530 15277 6
12967 55154 2
61994 12899 6
50368 28502 10
44022 63555 1
33153 24125 89
51161 43070 1
29229 35286 64
24468 57094 136
62064 60573 3
56694 886 2
16870 29050 24
46165 64544 37
2700 40708 1
54020 56643 1
64253 31394 2
55931 63751 10
40233 60811 72
69945 8306 1
70590 15326 42
8823 65295 14
61064 66075 2
59273 47350 120
40994 5190 7
20795 24078 96
57352 72617 190
12502 59922 25
71985 61661 8
50473 35591 9
9755 17919 113
24737 41758 92
2070 56458 10
70745 47303 17
18346 7838 10
54989 74539 32
42618 75084 101
25657 37297 151
12833 31769 75
26757 48842 1
32407 60038 7
62813 47270 76
18353 50269 29
52154 73119 7
57009 49796 191
37802 31008 144
29140 39341 7
30949 31007 37
62997 35661 10
59261 48026 24
71083 63854 32
28489 22750 1
64344 41552 10
29977 15204 115
21355 66854 31
57821 57932 89
49999 25990 121
72318 31107 22
12833 3591 63
40670 62878 3
20253 70832 6
20206 52625 6
44449 12005 17
24947 58739 2
33469 53689 7
33110 51477 14
2321 4225 74
43212 59288 29
34404 44806 112
51177 31720 61
28406 52500 32
59353 26712 29
15375 31368 7
48731 1115 136
58524 24448 183
30567 54649 145
15355 522 3
56991 25554 37
63926 61458 14
18318 50120 117
58911 52034 24
64417 62450 2
36087 35829 25
49243 24838 50
28064 38798 29
15018 21775 24
50374 49572 25
13170 17503 24
49221 60004 1
25039 24925 3
33434 3711 79
51780 32833 69
74683 39891 15
12803 51310 72
73738 28444 1
18489 60879 2
30860 31282 80
54397 64174 10
67767 69944 15
70588 56453 7
15656 63908 2
53858 54024 180
45784 43435 120
33414 25887 142
17818 15360 72
18347 40946 26
12299 24060 3
3728 1816 62
40193 62453 1
29678 51178 47
70437 31331 9
48606 4966 36
17075 51190 6
44757 33032 2
19745 15354 144
35683 49227 37
39286 33129 6
21619 29350 127
49122 39838 2
34459 67178 41
46909 55530 114
46673 28794 194
49207 2687 37
66161 2650 10
32679 15492 1
39953 12056 28
64170 24008 24
11140 75162 32
38576 1338 12
16904 9105 59
62756 1968 76
8823 31247 37
24685 43708 1
50353 52623 5
25150 24308 33
24964 17662 24
43567 63100 50
16842 8249 109
17197 26301 144
53889 2818 69
74240 62064 37
27548 20247 27
62460 60907 2
17683 39387 2
2579 60310 116
13359 10613 3
52400 20893 39
26119 12384 37
18811 18066 7
31411 64275 151
66269 45845 26
25182 45112 113
66211 58711 192
9808 62432 81
74943 8005 1
49209 62288 39
17676 34175 121
1691 24604 94
62459 54539 10
51109 31353 62
51799 36198 88
48134 62060 135
26320 59251 1
69980 9779 27
11900 26624 25
1676 656 2
61907 67454 7
62710 44940 35
71300 12199 3
74394 14018 101
31283 49436 26
15969 31719 3
35725 27851 2
50694 4104 2
26868 26101 112
67189 20380 93
58271 52240 21
13167 52743 116
27238 36524 29
6043 7263 28
15219 5983 1
22175 34045 9
72496 65702 14
70443 51719 140
55756 64544 1
21241 58653 120
37251 54516 7
24121 33108 130
59882 2034 193
12907 12108 58
28614 13011 37
38289 17809 15
6365 2018 191
46397 8797 35
32573 23151 10
62506 62744 65
15848 53110 10
1904 3769 66
5443 64971 94
51310 58942 194
66322 43122 29
48893 52025 87
52371 61098 71
58340 62030 182
35208 1734 47
51367 57523 84
55506 73536 22
31336 2587 32
37491 56213 7
31088 37450 7
44293 72117 10
35638 53530 32
67746 54526 7
10555 35103 133
50355 66474 163
39149 35385 153
70505 24137 145
27566 26131 114
68792 39285 133
12018 21924 28
66073 24862 9
50956 40847 32
3689 8268 28
51612 43163 177
28055 70425 10
25191 57486 101
44638 14131 2
20651 19195 114
559 17203 3
33412 29250 127
61311 49220 39
25031 75121 24
35120 39066 63
49647 74090 138
28730 15483 6
75108 61433 3
39477 2153 75
16162 59250 24
71930 45451 7
71102 16720 159
53391 57723 96
52323 32808 10
36721 35646 42
38404 9103 2
36290 70086 29
31079 65401 14
4146 30588 157
62287 133 2
14146 9799 117
73153 15809 20
72101 12781 131
28705 38852 62
31136 47240 120
66743 74739 183
71231 43180 112
15622 5239 24
24688 8441 3
57463 2250 72
70105 25786 116
61892 10405 3
2203 3652 46
60737 41077 3
64492 39479 2
66782 4876 93
46641 17817 25
58343 64204 6
25112 73301 154
52244 21589 25
65155 4063 2
2670 66244 34
43250 32731 1
72295 53690 7
75131 31207 29
4812 2803 24
3076 12247 7
45704 662 2
35777 71250 2
2319 4225 6
26764 18974 114
64398 64439 61
4856 64147 2
69465 58476 69
35145 12185 44
58985 64177 72
42603 17639 37
61406 1964 37
42128 10363 37
54314 45158 117
44325 37777 72
39315 43401 29
4084 2825 54
31499 63221 42
67151 12279 118
39280 59304 2
18053 24404 185
27203 63576 143
24847 52616 50
30884 48199 104
24649 58606 10
62867 14581 3
64552 30995 1
12757 33247 24
10536 68505 32
38947 5186 28
43482 52328 21
47660 8636 92
55956 58476 2
10449 73943 3
3171 11625 46
61878 55932 10
50892 3775 62
40838 50265 140
70828 49846 116
25048 71756 114
70965 45828 10
52216 12260 113
25016 34457 146
37769 8005 3
27222 27887 136
18982 61962 2
10625 31969 133
19467 37453 1
54372 11336 3
17477 63706 144
68365 61215 1
72755 65530 143
62615 8612 72
64206 66263 28
54244 37236 1
67319 5862 89
44306 62357 2
39278 65661 80
52491 38227 24
25937 8456 140
24853 71659 62
55536 13070 101
35369 31835 2
64141 64585 27
25112 46736 173
16384 53471 24
23643 1790 46
28805 27413 2
15811 56908 1
73031 53908 28
67220 18413 130
70093 50283 117
52160 62283 28
21367 57148 120
75377 38196 14
18346 46879 117
74788 17409 2
22565 56878 145
70071 66198 190
17914 15987 29
38905 50787 62
2101 61950 7
69673 6692 17
68814 71226 194
39474 59275 2
73682 17239 3
63730 8413 148
67687 9863 27
44834 1173 12
11862 37740 59
33066 64503 167
70380 70181 3
12961 9931 192
22762 72605 120
12880 3604 56
47693 42268 138
12164 4225 62
31030 30888 80
66860 20315 96
48655 64298 28
53951 14332 122
9702 45280 32
18422 15266 7
61831 43365 24
25662 68708 2
64814 67966 2
38296 47719 14
11644 2995 51
72315 36444 117
67748 35222 76
10917 4052 66
42909 17807 7
12992 41595 37
67512 1689 183
61601 5602 39
68048 24507 113
61299 40712 32
31331 61519 1
34394 25533 121
62338 58260 25
74017 2916 35
3184 38616 28
62973 12120 7
54486 60603 3
49970 36788 3
56348 736 168
20994 62916 10
7257 51583 37
73296 56188 72
11608 10445 3
43410 8532 24
66825 18766 10
35169 12913 62
27274 28895 71
13354 30631 7
34912 54444 69
7617 70258 143
24991 15875 101
59847 46020 37
37376 40617 10
14003 46148 22
33385 61259 41
74253 39738 1
60217 52254 3
52455 32593 109
54306 51861 7
54274 33739 10
61992 71616 63
33519 27434 3
28903 62058 24
47704 47768 18
60700 17359 7
14894 11698 10
3485 14408 15
44244 63028 50
43345 18442 2
33806 30474 127
59303 43241 2
75287 4783 3
61489 39200 7
20890 8503 109
3665 38464 59
21630 20254 120
2866 8777 187
40690 33055 9
8597 33661 3
5209 30021 28
41343 64449 2
18507 70933 20
62828 1669 14
50271 2663 68
16888 75026 193
54002 42931 3
8005 55891 105
60731 68337 3
13556 17422 83
27577 43369 2
57050 55443 15
50285 39125 3
57211 45483 80
10004 59261 32
48288 16659 7
12820 3377 56
51397 58537 72
17666 70232 13
31407 22459 144
64409 28521 2
39454 54121 124
71756 61888 7
47505 33049 23
9644 17628 112
43429 52388 85
15149 58200 24
51479 70246 25
52558 17268 3
19206 10030 8
62819 39636 2
41274 45270 21
17919 22256 27
16327 64150 24
75068 1694 120
62459 11587 1
6032 12911 29
10268 12762 121
50369 670 5
1363 28851 2
39381 26771 2
72000 12547 7
6421 55988 187
53620 11585 147
8489 25034 195
54625 21924 72
63046 1854 50
9917 18070 118
62281 30882 39
19556 63278 1
68365 61887 72
16433 4771 3
55870 60322 1
49148 69383 1
70674 32871 114
19432 10926 10
51155 26644 106
47208 16358 22
13981 52486 114
24520 52257 7
39266 1787 1
26356 51790 72
32443 57547 103
28484 10009 27
42940 66826 3
10336 53066 15
74518 40601 21
62457 50422 2
51552 40597 37
71040 14964 15
70450 8127 27
43281 46706 17
63072 12880 47
172 64196 4
65143 59013 147
63432 1989 65
50672 38831 159
2826 74902 68
751 51718 39
23653 50186 7
55434 62892 72
15434 74685 24
61095 12871 69
13608 30556 126
45958 59258 25
20954 33227 124
17535 17635 3
41351 42688 24
45842 71033 7
42023 32670 2
57263 19872 15
52474 8945 24
54493 64147 27
65210 66245 1
73291 22259 1
30425 46193 7
48658 22156 145
40608 26808 25
24816 35306 54
38222 46567 37
54316 32652 10
73821 75123 3
75008 62460 10
41320 585 152
27991 59671 10
35652 17780 37
15349 32591 10
12043 30405 3
13377 38207 83
66003 33743 38
60004 51511 3
11230 23163 2
67155 2181 46
2845 26420 10
12762 54214 122
60310 8309 25
18489 58310 2
52499 17719 24
49059 12336 114
35761 32672 2
27109 37969 40
12512 48693 117
40621 52457 24
56819 25629 29
35595 12370 41
36025 60440 69
53837 7675 69
14400 38411 22
12236 66543 185
15253 63887 2
56791 6802 13
30414 32668 112
57631 26379 1
40994 62449 147
27957 59276 3
56796 49142 96
28692 2580 66
17815 26619 112
2172 2186 79
61078 12807 69
5253 63503 38
21977 55549 15
4775 10660 10
2104 35771 72
63118 58522 143
12021 6466 1
24188 66742 1
59251 66224 37
20584 27152 122
12662 21095 129
10678 58294 6
51674 23182 139
5054 26718 25
62608 73267 46
44847 17809 25
70964 31109 122
10692 36532 37
19799 13138 124
21857 24050 189
2299 64249 2
12285 33415 112
43666 32450 41
20354 52495 112
64134 16408 41
69867 28358 1
6733 1122 91
35024 49196 37
31359 52457 10
28513 1405 72
53072 50326 2
5169 45612 32
11942 19931 148
70078 50284 29
62832 69668 3
16922 74587 199
55891 63172 10
13614 73819 1
29021 27711 27
15311 24965 116
72971 28057 3
10005 52643 68
14851 63078 1
31298 44943 14
54316 54327 140
73112 18489 2
72205 62021 24
73088 35705 22
24716 32800 96
55954 13245 2
8616 68845 7
13202 21430 10
19872 44989 120
61488 17469 3
47598 65421 15
58339 62045 182
73554 62777 70
56391 58640 166
3927 69045 63
61599 75152 32
67166 43343 2
32935 57983 155
12705 52216 113
62064 56390 97
17586 30645 1
37884 62782 10
62951 32527 6
22124 53308 96
11179 62464 133
64520 15808 16
12156 2327 58
26690 54460 114
39282 26446 1
25234 62280 17
34072 24348 97
13776 74120 2
54087 15676 7
52748 12232 114
4783 37369 147
1677 772 2
32456 30718 1
65624 16261 7
58791 73682 25
33628 16485 72