5047
66227 2972 100
1672 73495 27
55955 8951 2
33457 52741 2
13186 17843 41
4187 63049 29
17885 52464 10
48502 11754 10
26625 62455 8
47950 49285 38
12295 10348 189
4725 75290 2
37086 20406 3
40793 55945 2
48754 12021 114
23493 62548 42
53310 53309 120
16789 24845 3
70652 64298 136
62061 56298 97
12308 74569 115
74411 62373 16
54416 67121 3
25143 52031 112
62064 59276 2
59223 19962 192
55999 62061 97
32552 45494 17
38584 48952 189
60199 29149 197
39477 20253 10
53318 8088 25
30815 31182 13
56332 45017 72
75422 61981 28
17421 65958 29
68255 20579 7
16767 74557 1
39581 68723 3
31762 29363 51
62805 68066 1
12766 1695 7
22044 47171 72
13955 40715 140
31500 2285 56
56625 2500 2
13209 4647 57
63913 51771 143
2845 35138 49
62457 51197 2
21641 21339 29
4661 42906 175
32801 52482 24
7132 17817 25
13189 54129 122
31797 28673 54
13098 25719 24
75070 61664 6
44811 38811 30
43179 74222 114
11649 53861 116
33494 64114 7
70024 14502 26
63063 50391 14
31780 8268 52
68575 62053 6
61566 43269 32
956 68013 57
58987 70996 1
16060 38824 27
51902 38663 139
72422 33111 33
62434 70980 86
52344 52526 10
56139 65321 2
47998 4813 7
39435 27154 28
46830 31234 19
2238 12913 62
163 63625 173
10057 20639 7
12589 28811 114
62715 72448 72
12718 17383 19
26110 41523 24
56687 39223 10
43377 37466 2
15569 38309 114
50340 12619 2
62085 66394 7
37302 25363 32
55528 55416 37
50291 67187 21
8698 26797 115
56017 10037 32
54161 44675 37
31567 64437 2
58876 48591 136
73031 60709 101
60710 62464 10
37733 10466 3
30958 10117 3
37761 32629 7
72298 67468 156
73246 37975 1
53827 15061 0
38289 12583 142
15809 18010 2
28138 48770 37
57297 51999 84
43099 13611 83
25969 10351 111
9759 21742 171
2031 46158 17
18321 19568 30
25244 31494 116
49262 19676 2
13315 4989 82
50211 50371 25
10420 26825 122
24767 66156 185
1941 2881 62
40952 50381 3
39150 31146 174
74475 32340 1
3284 57777 9
6171 36333 27
62801 37102 72
31667 3263 75
61903 17483 42
28399 64560 120
25554 25520 7
30531 67874 2
75301 74127 117
14626 61542 7
54189 35687 32
1927 5576 153
20784 62451 72
4648 24989 24
23344 51919 144
61204 4781 3
40895 17330 3
51793 51709 18
49449 57994 94
20639 62058 24
64887 69313 2
58670 4455 69
57666 22383 71
15705 15809 121
63820 12768 132
12868 68763 9
20869 58621 7
54207 64545 122
70426 52414 9
35579 10039 129
44060 24866 9
49204 31337 26
70032 27732 166
11983 52284 36
69514 21122 72
51632 889 0
15809 38230 171
47335 49562 7
71669 62006 14
22715 64546 152
43595 46171 129
75280 12637 30
44742 37879 21
18064 29132 1
3267 1898 77
75287 23445 3
4781 12362 3
40623 70432 9
64586 58517 2
37294 64653 2
43644 23353 114
1898 1935 74
21151 30902 144
45235 18147 25
57507 48421 27
53834 60933 69
1971 52531 2
12223 35524 154
69778 8712 107
24948 26456 3
66226 62086 25
64547 44302 1
58530 46917 71
61946 32499 7
43269 2800 1
10235 32586 113
10323 36536 7
73488 62967 32
61917 10108 148
24772 13005 3
45021 49768 120
64301 50264 2
68816 51979 33
74492 24101 120
49759 24965 116
63043 53891 25
27868 75169 10
49967 61920 67
24928 70669 1
46785 32525 7
44808 13166 114
17720 59321 2
62962 15263 3
53892 70828 121
28156 51512 25
56111 23436 154
25331 33309 124
63180 63805 65
39036 5510 54
43552 13886 2
64537 34108 124
62248 51708 85
20470 42909 3
22819 65544 37
17176 47246 1
58644 54657 145
41492 45112 121
45380 23395 38
75172 1687 25
27682 38128 6
54128 61959 1
52671 59260 7
51368 28859 10
34111 15549 20
64604 3945 2
43204 36371 113
2006 24787 74
22464 45297 10
56443 1690 7
31742 35140 44
73962 53081 101
23924 50402 67
26646 12931 68
9914 21189 72
24621 69460 177
5222 10966 74
54010 42973 2
21192 37897 38
64159 52274 72
53510 31274 29
71041 39098 101
62220 42091 138
31525 25636 24
54420 45421 6
58944 33096 130
75167 47629 72
19935 39635 2
35175 3545 49
9605 72920 111
53522 63911 32
21392 28797 1
23994 72750 120
24136 7320 23
49297 24797 50
4728 12875 63
71793 66286 164
50385 36693 171
38198 1898 54
62460 70760 10
10066 9851 37
24905 31337 24
30581 61700 29
55135 9785 129
5223 3556 57
9730 32710 1
72447 53668 144
68453 14502 25
30429 58612 7
3842 25809 16
301 22893 10
55143 7532 3
57527 45641 17
55970 7320 97
57271 33207 103
17252 59335 32
22305 50510 1
25373 16544 3
73448 67777 46
28802 54098 7
18287 64970 27
10295 6195 96
1918 12115 65
5941 18379 155
28720 5125 64
51992 30899 10
9740 63753 27
31746 10913 54
27326 38816 112
25899 53830 116
73971 53660 27
41601 36852 32
73735 52470 116
41049 52982 7
33148 25251 24
43271 54060 151
4245 5149 28
46786 57469 114
34639 19359 32
13162 38298 25
33995 48743 136
24986 73938 1
18027 19971 24
56595 63110 38
44304 10512 7
70932 24786 2
10817 1173 3
16692 17521 32
28066 24378 3
64552 18368 27
62363 74934 25
47981 51592 101
59258 51676 120
14574 59325 7
6155 38218 120
48760 8037 13
65630 17603 24
2026 15139 19
59763 43133 7
17585 44139 134
3672 51124 51
54293 26662 10
9963 47506 22
45562 44727 29
29101 29129 1
743 69082 1
25666 13130 28
39445 22487 2
32724 70512 3
2321 12568 2
75072 4149 14
69375 51517 37
39066 3652 64
67186 72994 3
3170 30457 62
57321 32565 72
59946 75217 2
73664 26184 124
17398 13265 3
50353 49457 156
4490 17461 24
46811 43514 28
43338 25003 2
17476 5184 60
56759 17459 123
69240 1464 3
65168 70390 121
35283 3391 62
33084 57803 93
62647 59937 2
69460 44611 22
27727 34469 148
69508 70930 24
68810 62221 84
59255 64299 3
63079 7202 2
32463 38845 144
65362 61229 1
21617 14413 24
57306 4084 59
5784 50659 15
4290 35196 46
71125 12035 2
54195 52695 7
75301 1669 166
16254 47749 15
53189 36761 7
1968 62011 63
20247 5201 148
26512 36101 115
50175 58878 147
65353 4632 15
54321 10165 140
70389 70790 15
254 16874 30
55868 68521 3
59355 62356 2
11480 11619 162
30886 73485 21
35297 5200 76
71767 6352 2
15142 17510 10
1832 1732 43
39153 47326 174
33486 19108 141
50963 37201 7
35745 72651 116
7483 39441 185
8837 12263 24
1024 3205 24
45046 32975 22
58779 35580 75
61250 64310 32
8282 72968 114
50450 24086 125
64558 26418 1
37451 31662 3
47046 38353 24
61901 4784 72
20666 63033 145
52497 64099 10
68697 57688 6
73482 4796 3
1683 25660 2
44556 31340 135
62861 54140 10
68815 15363 10
26706 38618 171
58802 9782 153
73074 10118 148
12484 59427 7
75154 25926 147
5255 12924 2
28214 67747 28
62058 66971 98
7851 25932 37
31468 47315 56
58603 1676 136
10884 28235 134
37404 52763 10
67995 53917 3
5202 35175 77
27243 58966 17
53256 43072 1
64567 12709 41
59354 39581 1
2708 42434 21
56834 63834 7
31758 38917 43
73501 66081 88
8497 34185 9
15332 50713 15
72313 16882 25
18717 39119 50
73372 24515 7
64571 55983 167
47106 39145 173
41064 23303 145
54408 35275 28
53872 73369 171
54148 32524 136
2027 62771 1
73133 31217 24
24739 18749 10
24696 57513 136
46337 42370 35
35326 12477 154
66068 40898 7
14943 50340 135
7835 74638 2
59295 18376 114
61637 58816 24
39053 64496 79
74511 8540 41
31282 64281 29
4279 70219 57
47368 73274 53
7994 44827 37
24091 35845 32
64283 50370 41
64738 16799 2
71040 48511 175
59262 21566 1
12029 28966 2
58186 4487 37
21753 24363 21
38945 31800 66
28823 57361 29
51545 66809 21
2341 30658 157
24495 2233 37
35553 25597 1
74920 258 112
72817 1087 1
3573 67336 45
41766 33227 2
17808 33016 30
18418 4720 32
70529 28118 15
18259 68928 3
22606 9860 115
17442 59317 2
31262 37068 148
14290 35824 1
26793 56652 37
56749 45495 37
52579 18452 6
9877 61224 39
2481 2471 48
4775 73425 9
5027 13395 82
55610 28386 72
1962 52225 11
9887 70970 29
63776 53696 2
46887 4571 32
64341 17809 15
12079 69668 10
10122 49288 2
33722 24464 3
49333 44272 2
62058 14062 22
68437 32687 3
54395 35126 28
71567 72302 12
11958 9650 10
16873 56482 123
73962 69755 34
11881 59258 111
51067 60787 28
47223 64413 2
53849 63438 132
13245 37007 9
73857 61876 7
70406 2675 180
53437 35945 21
58493 20221 1
16348 28481 112
31115 19758 195
25123 30779 2
68047 17238 114
74471 43261 3
37884 3387 7
71110 70593 3
2186 35603 153
43050 19605 2
2134 26413 62
1028 53852 2
37449 5253 15
48158 73710 29
43270 38845 7
48801 1689 164
70743 33092 183
55499 14597 26
25498 32729 112
74666 33502 133
71263 32673 37
36729 36766 133
19202 35344 72
43569 2402 46
54409 67403 57
62451 61934 3
64662 13344 29
2387 38975 56
58349 59251 7
47982 8232 175
18291 1550 2
15165 25650 2
39479 1863 75
54400 2301 75
53462 52488 32
66596 13125 101
3077 36741 9
16940 15568 31
7773 2839 68
16858 61904 24
43650 22952 3
35436 74329 9
291 64116 32
50173 49410 7
32621 4775 124
52867 10678 7
41115 56408 3
8182 40883 120
50315 64123 9
22797 15692 26
9727 38795 91
57606 14823 88
60986 65937 2
75124 49633 37
64561 51536 33
68813 1883 32
30664 43202 3
50659 38262 15
62637 44570 1
5181 3342 66
72667 73024 3
49371 50283 1
62171 10987 7
32532 21586 10
10281 14438 135
62029 2257 35
48022 63233 84
44797 39863 1
4341 42619 37
18123 21594 28
4753 24841 78
8849 61268 39
31374 59297 1
61248 53033 5
74958 56489 69
26883 8145 197
27162 51395 32
66068 17809 2
13379 26629 3
18505 1510 156
29187 25776 111
26174 35541 29
62406 59259 40
15950 51868 16
20909 12874 37
64344 2170 7
43306 54996 3
59075 12593 122
45421 71756 114
39040 39470 63
25987 75160 3
47821 28494 25
69867 28358 1
32495 35812 114
12136 39121 45
19930 45814 113
32384 30794 2
45949 38210 27
40747 49996 7
73106 33449 9
71476 6240 99
66580 39243 165
17215 74132 27
11452 29218 10
21194 42441 12
17444 50656 9
33441 68131 193
71283 17411 7
58966 49598 114
18197 15925 3
47235 38206 54
36314 43143 117
24326 33328 23
61881 37748 1
12023 33324 136
37785 2233 28
25460 8036 108
8034 18445 24
26155 28429 120
32893 48638 100
32588 65586 7
73583 32621 176
24843 65599 3
5166 61990 57
1464 17811 7
43104 13560 3
36188 37450 72
14496 5543 25
33184 57679 190
63047 37242 47
74501 51535 7
56818 25018 117
70553 30843 9
64168 71508 112
27579 45730 2
2354 12823 76
2591 58754 144
30818 63111 19
52519 64133 3
71358 35252 2
59303 54083 124
30431 51813 16
57090 8069 188
74392 63113 3
29110 74183 156
69644 55724 1
33034 28843 2
31008 64031 2
12371 48425 124
70527 50346 2
44947 35696 32
49416 29132 26
62110 42052 28
53787 40781 3
26511 12264 37
14269 14854 26
65346 62651 1
18136 12474 30
24647 21924 21
58262 12738 21
45167 51482 148
2204 41449 24
15131 54481 10
12593 62063 124
33419 19124 141
50337 69830 156
25727 45239 25
35721 72648 1
73255 31028 146
61283 51960 120
74442 5712 27
2077 39483 62
9676 20079 72
55806 27829 1
72175 50317 135
16775 53222 72
11963 65793 2
53972 62107 189
73318 59043 147
17909 59246 29
3188 35211 52
38503 18143 80
64023 51416 17
45831 73773 104
4923 30966 156
48069 57021 24
38432 59342 7
16549 62687 1
22296 59742 106
8932 58276 98
32501 37761 10
70133 38273 117
27554 12695 2
28512 42954 3
31732 51221 47
54175 26797 124
62547 39458 50
55881 30897 7
24922 63098 7
40765 48167 7
58763 58771 192
18174 31386 28
16821 1987 159
10865 74383 32
27532 2320 44
50323 19949 121
24844 3191 76
74262 53090 72
68287 64113 1
18689 41053 24
52221 69668 72
62646 43296 3
58659 58315 182
24212 52502 120
62035 54417 2
66714 62786 119
75232 41995 132
75131 68732 39
72971 13783 24
12475 66759 24
8835 623 112
26025 29149 112
64631 40847 140
9764 24582 2
64421 38765 2
30983 72800 1
47016 60710 117
45642 28967 34
71261 22505 152
4139 51204 120
66137 50618 134
46909 1093 37
35913 70827 21
54314 60825 3
43262 69098 122
45837 51472 13
53807 46504 120
46310 62040 31
40853 13752 37
12930 22933 34
54336 36311 112
51161 60391 106
30447 52635 2
55144 71150 10
28917 64939 25
62030 30415 2
58904 56157 194
68237 61926 3
51999 26983 121
67818 41680 32
15160 46858 10
54390 66074 10
61878 28973 32
37371 49768 1
3134 21348 146
11576 12959 32
48816 68199 80
25555 11621 124
23984 55982 67
70674 32871 114
48691 51733 120
25174 60717 114
51584 49569 26
24078 63119 1
14502 27033 124
19930 3206 3
62824 33485 133
33520 26835 117
73270 2174 62
12937 57061 28
17202 16845 10
28694 69330 60
12947 12145 28
48221 18508 156
46092 72970 21
1691 67618 14
44336 21766 27
33265 66560 95
38478 20997 81
10329 52739 117
38436 38315 118
20406 50117 37
13210 64200 113
19171 67486 13
75331 59261 120
25629 44443 14
25286 15809 27
28680 1972 63
63415 56962 121
4781 22093 3
56982 66570 13
13568 43142 2
41450 2061 2
48598 28315 3
27589 37207 7
54321 32829 15
74036 62435 36
59250 54482 115
62346 12795 37
17163 74555 2
70223 26446 72
32758 25736 22
63058 50406 3
59259 40725 122
53825 4363 3
26769 47775 25
48178 17822 25
51522 37093 72
31606 1789 46
64053 32694 2
66510 46693 166
50298 43178 121
66854 72385 144
44986 48190 17
62852 15569 2
43190 62974 2
13226 63516 6
31583 69047 60
54614 21652 1
68048 25970 7
32507 1191 7
61018 63064 3
53043 53864 72
18270 63699 132
58443 48773 3
53737 883 3
43327 44293 2
15854 26751 121
31540 27330 32
55915 60323 10
52469 62639 119
24558 45528 116
11862 57202 114
26371 52454 109
52760 8771 7
49239 22775 72
64556 40083 1
24308 67320 163
64931 20933 14
50271 25944 117
24854 24523 50
68547 38380 22
52129 57709 21
41451 62446 27
67353 35251 74
49374 63030 14
53455 56066 27
6525 64511 1
64205 47986 72
49213 49173 25
70828 52157 39
44650 75121 25
69664 69664 1
15215 55578 15
55958 73834 2
28651 53866 16
26189 70933 2
31331 68432 10
11776 16494 32
19445 37216 71
58998 17880 26
24875 65234 24
40907 4133 25
24028 19253 3
18497 72827 117
25098 54950 32
38642 10051 36
72235 50386 117
2070 62670 78
46703 40705 16
70341 8232 114
33555 61258 7
20237 52683 145
21305 9933 19
20220 61577 144
19664 62079 194
46697 61277 117
45480 38062 40
21478 59234 147
47874 22221 16
35581 67595 3
25514 41157 3
33208 62247 39
26237 51520 132
3286 5212 49
35723 54629 10
12056 52508 32
28808 26217 6
43606 67123 37
18489 9730 2
24195 69752 7
31048 26700 68
72920 22617 32
8671 17816 151
8846 54449 37
33559 3076 10
55941 22271 2
31340 66613 17
18133 17990 25
46268 43479 27
64352 55944 2
13212 57128 24
28689 3244 28
15668 53151 29
23091 15099 41
17031 75113 153
52344 18514 1
33526 60697 3
62523 3433 67
17632 59303 3
62455 23069 120
15135 58487 72
68817 13149 1
25944 18432 29
68940 27632 132
70835 31543 29
17817 25548 122
24115 38487 92
55409 57471 16
63563 56614 132
4760 64208 124
25306 62396 32
53876 58873 124
15366 69463 129
23103 62451 2
17506 55505 15
1894 17015 32
52321 18707 39
66080 19399 72
37308 61412 1
73348 53908 69
17474 39023 75
30428 44144 20
50563 55896 1
28860 44282 2
3224 17890 10
38391 75363 37
46034 75174 24
11622 33423 127
31972 61449 10
58323 15619 2
62771 51704 72
68227 49768 9
25511 14403 10
62392 55081 72
50338 66077 7
8245 69329 7
52409 68003 68
54729 63130 3
52189 53404 40
36873 43749 134
21605 1689 96
13250 37403 7
62952 10759 2
60790 73312 20
26628 30786 28
1087 7557 7
27427 63088 15
17809 58524 69
39225 55317 7
29239 62877 46
56487 8479 123
13972 72606 21
30858 44417 37
40626 32830 28
70527 53236 6
10157 17501 6
37258 5251 10
4784 52986 3
52116 37941 174
7596 60677 120
44577 33685 7
56684 24845 15
45870 49095 95
73268 37409 7
25330 70222 7
64275 60023 114
36356 25022 25
63880 31552 143
50290 4128 24
11441 45368 72
52598 62462 2
37478 58544 2
38743 46616 37
71123 52329 19
14351 4760 3
18842 33794 57
64248 35516 32
69640 62844 2
62928 10964 2
19438 68345 35
13568 13586 83
8854 31107 1
26719 12840 68
32761 50374 171
39138 1804 48
68839 51620 21
21586 18225 187
58557 1918 73
15939 18489 7
45789 2968 22
33526 26744 14
1676 48733 3
1694 15793 25
48268 15716 24
31826 62602 67
14306 56119 2
45528 8531 28
48812 24744 93
27252 7897 71
44320 37294 1
16995 1690 25
43343 18880 3
63300 37815 173
31822 11775 65
18980 72707 10
50313 48679 23
54451 68824 2
64180 38245 112
39290 49392 3
33300 9933 166
56669 30422 15
69312 70316 2
15142 1628 8
52355 40195 7
61921 29102 41
6388 35376 153
17807 24071 120
40806 55541 1
70431 44870 7
12615 70381 120
19621 57039 114
60310 59554 196
10934 70123 32
32595 21479 10
30442 27233 10
44856 22811 21
23230 59375 25
74509 44751 29
42988 64201 7
56825 24166 96
61959 11965 10
16241 39027 2
70408 5135 1
4287 51711 35
17406 37369 3
64544 17501 7
736 64859 25
23435 71077 32
41585 56778 32
55143 60555 7
23859 12467 149
39830 57950 33
36285 40940 27
12607 45799 37
53470 19526 22
66376 75285 114
54140 10516 147
42968 32710 3
2977 44173 10
43133 30443 1
45742 59255 148
12444 11663 10
30878 65960 15
12853 56108 32
9215 64469 2
10150 48438 3
69983 74117 80
9935 36203 1
13113 59404 113
21157 32832 16
72013 64224 118
23384 59330 145
53089 9769 65
54100 49768 10
49734 31332 12
68746 6292 37
52475 43437 24
61807 60769 24
56459 52485 42
14313 52290 22
31377 2067 66
48612 16816 136
37384 70934 24
61610 21528 2
52576 32318 65
53038 26483 1
51314 21319 73
22956 16820 71
20625 61967 17
49136 17747 37
37393 56489 147
1694 68514 120
18445 32612 1
69067 53403 32
56871 14600 12
69279 25729 118
67407 62935 15
8164 8613 108
46580 15928 37
62729 1677 119
66534 62027 182
40599 50196 26
32985 64211 29
28415 1669 21
13872 50700 1
31954 3315 67
37802 39132 130
73479 47115 37
18332 40857 3
47104 38230 25
8945 24282 1
38601 68189 27
58720 56886 28
68344 11589 2
66567 66770 114
62927 29814 141
30437 54314 30
51637 29130 117
3186 1760 46
18796 37251 3
61127 9846 124
10093 3374 1
15319 39426 7
75181 11061 3
27704 46424 10
20431 32769 14
20757 66876 2
5060 70379 7
50359 49704 18
61837 47563 39
64492 31414 57
17510 12032 2
55848 43091 7
53948 70316 6
74436 26563 33
24209 22365 136
50280 30741 2
62028 41592 175
5232 46496 6
17495 28333 2
16115 64295 37
61487 60787 2
1676 6622 166
20579 24444 92
39428 27781 152
39129 2406 45
31099 15204 10
73531 72454 2
52739 17006 121
62042 1508 2
17847 70527 27
21943 57920 103
43461 53893 5
1166 61339 101
17856 18220 7
4775 15262 3
41802 48250 29
25590 64109 7
20615 4080 7
64173 17807 28
2439 62725 76
10141 14779 80
48016 59272 24
48344 75173 185
61383 58873 124
17808 28529 7
12711 50344 121
11590 1776 50
24960 68704 2
52976 20584 7
52464 60794 114
38339 70690 103
44823 64560 29
60497 64561 101
75188 29634 141
6891 47322 92
66138 59258 122
12058 24716 72
16773 3654 47
39474 56244 72
35286 3363 76
17812 51464 7
53960 5675 10
15114 60081 145
17805 10348 30
61588 49059 29
72846 53008 7
58664 8047 109
69754 44663 15
1628 15809 10
25344 2993 109
12396 51572 6
58437 56804 25
61385 39027 11
46972 73535 117
13036 52238 1
5261 32828 124
26730 21209 114
16493 44311 3
25398 66733 120
60777 5161 24
2000 2366 49
53401 14248 15
38781 1421 24
48627 57725 29
49185 1896 1
25991 66215 3
4084 2887 60
50350 61700 40
64876 40626 14
5599 27211 136
62932 5759 72
39906 15100 3
53963 70403 30
10720 23133 10
8088 24544 21
34294 37412 114
62457 54116 3
74404 62820 2
51353 54615 72
50633 8194 7
63822 64101 10
50309 51416 32
62650 30960 123
44271 55202 7
57801 69895 114
43345 26028 124
37294 17399 2
62064 65610 22
11678 2406 61
21219 38081 27
55467 75135 39
42752 35826 1
22307 17615 18
22535 8475 29
48937 39826 33
12747 40953 140
19196 37414 72
59330 43043 3
61961 24577 120
14 73413 7
68298 54440 153
33678 39339 3
35547 1816 153
28481 8005 7
60818 62453 10
9781 57769 29
30410 43143 2
18835 17815 7
35122 3688 63
50881 23900 50
53416 49704 25
39370 64280 7
25216 52214 10
4758 2420 77
47721 67922 28
53953 43048 1
49218 70764 71
55952 36754 133
55773 24388 9
62816 39457 1
16153 15044 21
10516 19426 10
74263 62455 10
28010 22278 72
54316 64295 7
52449 37618 24
47978 12965 3
45372 38002 25
31492 2432 44
62692 42375 10
64137 62455 3
49419 73613 37
57402 7910 71
4261 61999 74
64457 26254 2
47671 25745 140
72328 10744 24
40207 69025 124
58104 61926 3
10334 75305 112
3835 70219 45
74595 43005 3
26543 38534 37
35578 26347 32
52514 47496 7
13709 12414 28
50113 18282 27
11815 27687 10
12970 62049 3
12455 9914 114
22295 58942 2
2610 59008 72
55543 36727 15
52158 41090 2
45590 48631 100
74847 51156 6
66273 45973 23
53358 30906 27
3919 1804 157
59265 28307 2
11585 45112 32
25453 8136 27
27454 58280 89
58873 5277 189
15809 69641 2
62054 2809 10
56406 49805 111
2283 4246 62
40599 46908 12
30522 63444 132
32225 39415 133
28126 37386 10
17222 17383 3
26913 56069 71
45062 1666 120
42826 62044 14
68509 55978 38
35293 3243 60
73286 40667 9
50302 64106 3
17849 30571 1
53969 72978 124
17809 24263 7
33454 17818 3
27160 72257 28
28007 43586 9
12883 63000 1
53983 69668 1
32587 69312 153
2747 53315 29
9792 31458 151
34455 58931 106
3591 38198 46
18847 55513 15
4887 16064 25
4901 5031 82
10844 51177 62
41781 41515 21
8352 28824 7
24634 10516 10
70537 2103 15
31716 43570 159
38932 23451 56
47390 35245 62
50314 48658 3
75433 25398 120
37757 32425 48
24915 12754 21
61840 40611 39
54420 63803 132
21915 41470 68
43575 58606 69
28519 11551 2
56183 46686 132
22811 61489 25
26443 71455 17
14502 44271 2
17735 68385 18
55941 54323 2
61880 58263 84
55515 45392 143
72656 17653 25
24817 32350 65
26616 30910 171
72519 62708 144
38703 17976 185
12286 12496 152
1903 1967 45
3091 58405 69
32474 69247 10
45495 17163 28
16841 33288 106
1674 3565 37
30595 55135 7
66497 58169 101
37397 43680 119
49336 48636 90
71230 17953 15
1683 49949 97
51762 60786 28
32710 53857 15
28191 53863 145
48218 47465 21
67020 5797 164
55939 35830 2
40612 13907 15
72315 71132 1
49102 53861 136
37282 64154 2
58753 1802 10
20751 62448 145
22228 3097 146
40977 43441 2
37248 54417 72
37374 59262 119
9651 5920 72
40060 72104 1
25997 12673 140
26617 45911 15
74619 70995 1
30342 12768 112
46305 2173 53
19856 15341 2
33156 1024 2
28614 13011 37
59324 54418 2
50285 69261 51
15103 51233 1
5311 7599 92
31193 51732 7
22573 55080 145
21140 15407 135
62942 39728 114
54210 64329 180
32457 53655 130
24793 58971 1
75008 43242 10
23336 43122 151
60522 61801 17
11246 18544 133
16851 67146 24
62485 8164 95
2057 75491 32
30727 58684 10
58794 53262 1
41020 11549 3
4588 67767 32
4974 51294 29
60479 56600 2
51568 20875 17
52573 65753 15
17896 28507 112
61076 31680 51
61725 66873 1
3729 5197 49
48843 12594 24
57941 19893 136
50327 14964 24
15706 62450 2
62723 23019 1
44934 48679 38
53856 30516 2
13149 56889 10
14249 40422 2
18399 8470 140
73898 15809 25
38144 15515 2
48208 57321 93
58626 4334 69
38222 58175 94
12281 8005 112
27922 60729 15
64483 12331 7
11782 12349 1
15698 66628 18
31574 58790 1
32506 54251 1
49253 20983 3
12836 64298 136
31336 31015 36
27225 10084 6
31827 39472 45
62992 62045 15
42704 46898 29
14383 72202 121
59246 8048 114
12952 4242 75
45594 18724 10
26612 3120 72
70531 28834 24
36588 26691 114
14265 39475 2
15451 60310 24
25678 20704 10
63116 70617 166
46222 43575 72
11963 39586 3
71136 16759 194
66287 72295 27
16634 56798 33
38106 47926 167
75334 21010 144
16823 25049 33
51773 27234 15
56150 18221 2
63037 39437 141
17621 70386 117
50408 12035 8
69074 63119 154
66412 10306 32
49112 74609 29
46908 37461 2
61799 3135 87
64133 5088 25
16554 50387 2
20001 19199 72
45359 15136 72
39164 28737 2
18039 44886 35
6 47240 189
51416 31208 101
22750 52519 1
58702 70828 10
53611 44856 8
15809 71987 2
51561 54302 194
17658 17566 35
67509 62058 22
70827 69067 144
11928 28224 115
62657 8005 7
15015 67435 1
4159 65814 124
55496 10903 68
37450 24363 7
72082 3809 126
30014 24852 7
24596 71863 92
54420 26427 6
30905 54271 37
4784 57268 124
32995 35758 6
18275 17363 30
62661 55719 72
30866 43298 3
64532 21163 152
59735 64505 37
19193 30841 10
66401 62455 121
11608 64595 2
13771 12446 41
35301 73476 60
32716 17909 37
58010 33740 168
61845 64195 37
11963 59235 3
43307 15339 2
5189 1899 60
51234 46539 21
70605 58505 144
31437 31712 48
28212 28857 2
37491 25198 146
68049 36035 25
13539 53645 3
31687 37783 43
54422 74689 24
62245 60785 24
65834 56206 2
60756 39403 6
28115 15383 2
1029 49768 88
41514 2747 2
75462 8076 136
45906 8497 115
70415 53291 117
53428 41820 25
57013 69027 124
75182 59757 10
51518 74864 1
11942 19931 148
38197 47069 51
3672 2281 54
3556 3976 66
35578 5210 75
12659 64227 37
62211 4163 0
25698 26301 151
24792 32660 29
43494 54025 1
26628 45990 116
17500 32747 6
49542 67319 23
74112 38304 13
64201 66831 140
57401 18332 7
37251 4958 7
70380 25847 7
27659 38186 154
30976 40601 12
25042 31215 2
19857 17825 197
41812 71283 29
1674 5868 94
4107 72060 63
1687 54647 145
70807 24222 194
39743 59325 2
52619 55484 5
32496 4781 136
72928 52887 7
51479 64494 7
34521 48801 94
51919 52007 117
25608 49033 37
38161 36014 39
21732 62457 199
62058 14295 14
42202 2015 13
47819 23680 10
51573 35814 25
59252 21158 1
54192 21165 180
27558 51509 14
37748 35782 32
9762 49113 14
64681 53533 24
63495 49150 105
72624 71085 7
66906 5522 97
48649 42658 72
47116 29116 26
13164 32640 24
2682 13194 15
29139 56154 143
46701 57892 21
51566 21260 84
59670 52476 109
12349 2114 144
32419 56398 2
74796 57032 27
33461 60717 3
32496 58642 1
22807 73492 18
73508 71393 7
8653 12766 140
56799 27376 29
48777 21206 80
8174 19883 116
2284 2080 60
14428 12016 147
30515 33703 127
64500 58862 37
26799 31492 121
62954 5114 3
18489 34162 123
4843 18614 27
8249 65802 15
12844 43642 124
8509 66802 96
49059 53348 114
71174 27761 153
31710 37731 48
40691 15669 7
30246 72830 2
64021 71072 194
75111 14916 2
727 35973 15
22151 8253 10
10158 57296 147
73415 12250 129
23293 50099 15
32481 12772 10
42662 22193 138
51702 62204 87
49189 27855 3
64351 9323 2
55503 58175 15
49207 31222 36
8603 7358 101
54587 64340 120
56248 17300 3
56870 66774 100
18422 15266 7
73350 74514 21
45618 5458 13
7881 64171 14
21594 58870 1
32942 6975 155
900 11551 120
28165 25239 1
13082 65143 3
31739 3733 43
1164 60711 114
23749 13186 67
39201 46423 2
22305 49936 29
32700 54210 1
53829 68718 34
49631 16015 14
44815 39266 16
8091 62660 7
17057 44682 40
31098 30432 2
26593 30821 29
59262 40761 1
59225 12966 7
30006 40956 27
74377 53027 72
31400 12114 158
59044 17469 24
33744 8909 3
71673 9502 128
37441 56185 1
5730 25241 136
75292 50286 112
38003 73547 153
17343 10147 3
55806 28465 7
30817 12032 25
37376 62640 72
3169 62875 3
12146 30470 157
45004 51772 3
56798 70752 25
58414 11927 32
41997 26326 3
52079 62066 29
8926 47933 125
45625 17766 31
30845 74471 116
20258 11014 72
54238 26703 124
67152 31220 124
42138 51701 7
59221 18008 32
71061 30571 67
17528 72951 104
61414 22321 1
67229 17809 122
51607 13872 10
62445 12566 113
27616 10071 72
52744 12412 6
45132 24211 120
18066 74714 3
51378 10048 102
62647 10915 63
10516 54125 68
35826 57159 29
71109 35150 47
68445 35673 1
19563 44368 102
40906 69824 22
60531 12508 3
2891 3198 77
53623 22750 3
57028 45587 41
5211 39012 11
51222 62975 2
22846 38009 2
61332 41157 32
45544 21292 88
43491 47699 6
2844 27576 17
1888 62900 47
61995 31368 62
60895 55113 3
67129 22973 29
26995 3423 7
54819 27068 8
59898 12441 24
13921 41000 24
14502 53280 2
58707 2177 194
50025 50300 101
52453 20174 116
3175 35198 62
66554 43027 1
40772 12485 6
63727 52592 65
62045 51386 29
25422 16691 124
24627 4062 101
18460 18489 2
59329 66848 116
18314 8847 112
38324 42312 138
66072 49893 1
58476 39167 71
8825 8821 114
38825 107 7
65513 15160 28
50348 60397 29
64522 8216 37
46416 12218 6
31200 24231 100
52853 23107 195
17503 28390 2
26086 15149 28
40870 25629 41
23979 62340 39
29157 7649 70
15204 72958 10
15505 27237 30
70595 53950 3
42189 41669 26
27726 58552 166
35830 39263 72
37779 19623 10
19604 62455 6
24810 70430 54
24478 31032 103
61304 24398 6
47810 51163 10
64174 15313 2
1402 18044 30
25765 15318 117
41170 51520 10
23850 62560 67
35646 62447 2
24600 70222 69
56189 3154 129
16802 64443 2
25890 8568 114
17998 47391 3
41479 1683 7
68648 30903 142
31359 52457 10
31089 30890 27
18383 16489 28
19857 50172 25
33429 64965 28
63062 59258 147
59234 13059 3
25153 32984 10
2438 17120 46
50360 36258 24
60822 64438 10
9804 55108 1
18412 40615 25
70786 21639 101
47005 17618 26
21615 1115 153
68476 26745 117
25198 70009 113
75327 49060 25
39003 62707 63
62796 35261 63
54109 7660 116
72237 73075 123
63436 52874 10
13139 13214 3
8005 16842 3
64489 23015 61
32610 53936 1
24522 28857 7
27545 57624 25
38230 38295 14
56061 47335 120
55151 69063 2
19763 55600 10
45208 43598 132
50870 39095 62
2196 11732 43
45511 9913 117
73255 38682 15
290 69668 3
52520 62701 65
50302 58357 21
52749 14999 6
37448 54306 15
19816 25308 10
39445 59975 69
51409 33094 37
43583 55076 9
24994 3749 14
69325 12599 2
17510 66232 3
5253 12044 24
45898 33292 40
3312 35162 76
9790 2029 107
1845 31655 158
64698 61967 2
69509 17402 27
54502 36038 29
43010 30500 1
36130 18810 3
44515 44800 22
53837 72003 124
5211 35230 49
18649 44801 35
20769 57020 114
60766 15825 37
59330 11207 2
73047 8712 109
65660 68782 2
20970 14289 144
62162 75139 24
19635 54244 3
31275 2407 15
45007 57467 114
62650 9953 119
37461 69672 120
51227 10210 30
32534 59246 32
52557 26750 3
15363 35732 28
35747 14502 123
51797 1619 3
53343 72750 130
7246 62845 2
70103 42488 138
16464 50237 1
53506 24282 32
53274 50374 2
51193 68053 15
63941 27496 113
28607 43127 28
51396 47242 27
38826 70369 1
32497 62113 84
4237 69051 6
4490 35844 10
4771 58275 3
12085 2322 45
8816 8060 24
32976 43516 171
11712 30551 157
8135 16984 24
9928 2801 32
28441 7263 1
35863 23000 10
22631 25481 140
25755 40908 14
51173 58886 9
62061 9923 1
1873 31095 10
66283 48035 38
59259 67146 140
49030 19252 182
64231 67454 112
62455 56603 2
44851 27159 112
15902 66292 37
3736 70206 63
62550 55094 133
61280 4775 3
38987 39045 49
71769 16539 83
12882 4125 64
71601 10897 46
14792 1055 117
33072 17676 123
39449 62453 72
44624 50234 12
28835 32592 7
28841 74761 7
69087 1502 145
806 24129 3
48723 12227 186
46155 41967 16
18780 15374 10
44330 50630 179
38949 5206 54
37889 19857 27
5361 68049 120
5005 4957 83
38202 5188 62
57746 53981 180
45076 45076 120
58836 43502 28
21541 24816 50
75422 36377 116
9917 12990 114
3456 64480 158
71017 53035 6
616 72714 106
73751 1892 1
62869 73670 32
35805 62363 72
40401 48028 9
1943 38862 79
71753 71261 101
74989 68381 25
10455 55956 133
58120 53368 29
23244 35785 32
2504 33518 133
51152 73031 29
27693 74587 153
30930 32743 2
23541 10889 46
17673 53461 22
50257 75418 29
49906 17721 9
52455 20095 32
3943 63074 45
45167 69451 29
43741 17383 19
14450 62371 40
65201 70007 26
8130 4884 120
60160 16516 7
63825 45705 143
52796 60773 24
26320 59251 1
24965 51587 32
4470 63073 2
1140 75159 2
8373 75053 41
58852 63701 3
69655 19157 2
54237 24683 101
61215 21798 120
17811 62810 1
67614 51585 16
61909 52800 7
27128 58793 119
11001 10965 24
44688 55963 3
28737 52588 10
69740 14502 2
53697 72293 24
71095 73865 50
61684 61348 114
48867 27583 84
14502 62728 10
38206 61870 45
11587 15254 3
48022 28095 27
52095 24195 35
45914 19562 25
47116 52337 38
34041 8664 20
1689 58546 183
55103 37369 3
69483 46307 113
35065 49112 20
32645 15809 24
65515 17705 3
31476 19577 147
62811 8306 3
63927 40950 3
43501 31978 130
13474 69933 37
259 38824 24
11621 45150 37
9700 48378 30
62907 10897 64
3168 11964 3
17504 11065 7
544 52035 0
50181 2804 1
20179 22302 28
8878 43179 2
16847 55986 167
38479 68501 22
46894 64495 29
50377 73531 2
43198 39454 1
56213 71923 22
47968 48108 101
41010 40908 3
27931 22973 72
60276 24282 3
53872 38567 124
11585 64112 72
66769 52287 27
54312 38705 101
37248 50145 1
301 67210 144
19008 60699 3
71184 26743 132
56794 30887 20
68047 5583 120
2558 70692 189
46153 25630 3
46812 13285 72
69437 67750 9
42946 64912 2
58968 69809 143
39471 10844 74
49195 55120 10
21924 4762 7
36035 56546 110
45112 53950 7
38962 52248 24
56280 15312 10
2494 35280 28
18070 17813 25
30534 41067 2
59259 20989 14
17812 59920 122
29549 73865 50
12532 72329 113
71990 74160 166
3169 3074 69
28514 28206 1
48559 46405 10
37431 59259 122
39834 52468 124
45142 25172 28
66232 57915 28
12566 26210 112
58430 20769 25
70794 24877 28
12535 72780 1
55082 58978 72
70760 7896 10
1684 63234 32
71098 23503 2
32734 64539 72
40958 11951 113
3373 15153 1
4157 7822 69
51568 30976 22
43404 41773 101
27561 20274 7
11875 61985 54
40669 64819 15
20899 64284 112
25262 1865 14
74573 66685 136
35477 10461 32
61934 30982 72
39295 70978 6
47157 45062 26
41008 71011 0
64150 2637 10
33327 25365 190
71124 17020 2
45717 58721 41
63057 2138 3
64361 71972 128
73982 4602 13
70335 62546 7
3451 3368 56
5403 15810 17
71654 4731 64
53865 52344 7
60893 16348 1
17525 49944 18
13574 16201 2
16518 5288 91
24865 55461 15
8005 60719 41
36779 68855 72
43011 30536 1
68049 12229 28
15043 64055 32
35378 10086 72
62889 73679 2
17812 26523 124
52118 12767 72
17816 20653 145
58140 51842 27
23126 17910 147
68740 868 112
5255 31030 15
69622 15364 19
13794 74698 1
15509 53904 171
71155 57020 7
64330 41942 2
35202 47490 75
59254 70888 112
68004 55552 68
26044 75067 32
1375 31481 121
75284 51208 120
3794 30670 7
41079 16943 2
61587 72251 32
33245 74902 167
50402 23451 67
1746 50900 50
46827 33092 33
359 11357 7
24918 5 2
1683 59073 143
64302 51431 2
68270 19364 145
24840 35218 62
69921 30890 12
16142 10147 1
44888 30887 40
9280 71604 44
52133 64212 73
7735 12589 106
10274 62686 124
58751 27616 154
58222 13036 14
31785 35259 77
17880 29112 25
32779 52501 114
9369 31513 158
25098 38529 22
21040 43116 146
30896 45320 7
52234 48860 16
60729 73319 114
14074 27543 7
43602 18363 117
74097 75267 3
46643 13024 7
46503 46493 28
11971 62281 72
71758 23201 147
15379 63109 32
66435 57189 10
63373 23403 1
25245 39283 1
7805 17781 175
3590 64472 57
39469 1972 54
31746 35203 62
69469 22560 124
27555 64113 10
9661 49124 3
33432 4229 79
48183 13135 3
23146 15058 3
10644 16185 15
15809 36406 101
51778 13690 84
22998 1030 2
21421 37671 28
49233 49780 12
18066 21237 105
36050 52297 25
29151 39284 69
73031 32371 9
23509 39370 67
64318 74600 114
47667 5552 21
56448 13568 7
15708 41663 1
66068 17064 147
72315 45559 101
36646 49768 24
33693 10673 27
27545 53695 3
15276 62777 70
65546 46891 25
55689 60807 72
39256 12673 7
17883 74467 3
31648 43561 51
65431 877 3
52519 12456 9
63657 10516 10
17306 302 1
10088 5286 166
59313 39636 7
62728 73317 123
31739 11875 45
61455 7597 189
56167 1676 166
71261 22249 37
45816 57305 114
74263 65392 2
6114 58495 1
46790 73287 143
41955 54260 1
60822 16348 10
68002 32795 2
13307 64391 2
58468 62623 72
36157 37459 10
2976 4769 7
55549 39895 147
48673 65851 14
10584 19860 32
42069 72284 3
73027 28733 133
17818 17125 28
62022 54338 14
20409 70366 1
40739 26739 116
15700 58848 10
52889 39822 101
43336 4781 3
62461 74116 2
56429 1894 10
62786 26855 3
38250 64412 2
73282 52478 32
62752 64108 70
58887 61211 21
45906 12479 24
7204 33211 23
25319 30076 127
62450 74466 10
50156 50289 102
58522 56887 1
38589 45505 21
7772 50303 2
23977 39430 120
48947 17904 121
41991 35693 7
65032 18560 15
39544 45217 7
8942 8880 125
22174 74898 148
31197 69273 21
60701 75359 25
49775 27131 10
55884 28514 3
1690 1141 143
54442 64001 72
70290 62461 10
15643 55483 7
57050 1676 120
57814 72824 14
58790 30879 32
39843 33093 130
34263 66235 106
10150 70077 3
2759 26850 1
74609 28035 10
67611 27679 114
49574 59077 27
56489 17825 10
1746 47070 50
15152 66351 34
38071 52595 174
58821 67319 143
17927 335 2
61664 23965 189
58408 58482 69
10944 30866 10
64455 56519 15
61584 58535 10
2172 19530 1
23960 10723 32
22618 69071 21
49805 37615 32
17534 1689 15
18829 41514 3
43068 58479 2
21617 51902 28
62892 70826 3
63813 15804 153
4781 32520 124
12713 22878 120
30650 24850 45
64348 17944 6
59261 42929 7
33398 48729 155
72689 57851 21
72620 65942 2
23382 62528 7
39902 18501 1
66437 56394 96
68373 63367 50
10321 62169 21
49124 38725 12
24051 58147 103
30827 60700 2
23962 52339 33
27552 27552 7
38198 2456 60
2588 40004 1
4951 55081 3
53868 62353 3
10202 38305 1
18053 72726 117
181 69239 67
15379 68025 10
31331 61519 1
60690 75288 114
62074 51497 87
14835 71238 14
5479 43243 189
72293 35671 2
1363 62139 39
52559 62594 50
68049 25343 57
60599 68393 112
22405 25593 32
62464 62833 1
42649 62418 28
16941 65810 123
3328 10899 11
27465 35456 118
13060 8199 10
19358 17813 1
33204 25912 6
53291 15347 7
15658 27333 24
31820 12104 61
61946 63739 2
65672 10033 156
28970 18283 130
68074 62860 15
5256 61553 101
1625 17402 1
45442 12471 33
56922 2700 68
10954 3493 46
26363 31102 143
16699 53179 7
53834 40666 116
64373 72991 45
10044 22562 112
71243 64108 3
51547 51421 102
54005 28811 1
16752 65230 3
38900 24794 57
32669 63891 199
64454 43058 2
71125 56425 167
28822 54463 7
63468 1362 143
35702 55139 10
29055 26180 32
73276 39101 77
35170 13131 28
48729 24267 96
72317 64180 112
71243 62060 29
62740 59060 123
73044 15085 10
31260 23154 195
54427 38785 6
13654 52796 6
70376 72315 114
54261 22796 143
23083 57008 153
49929 47773 22
34931 61677 120
74514 47260 27
43630 40936 27
31606 31836 51
10124 13363 3
64483 43585 2
3191 3153 78
60793 62074 39
51258 62288 37
53052 68501 7
17949 72970 37
41642 60784 2
40921 51727 34
51167 14769 10
32663 26613 8
72622 75346 26
75120 4098 10
57206 18015 155
8920 50461 3
25504 61178 73
71242 62451 7
28841 68718 2
58302 74327 2
37396 72210 10
61998 43566 45
37994 25112 173
40593 62778 10
52243 36605 116
17357 58724 123
43421 60771 24
69461 26773 24
64499 60061 121
38628 45299 194
35805 61681 8
73031 70356 28
73942 33503 133
68340 58412 67
59981 74599 25
13080 8575 114
16276 38441 37
43145 58754 1
54318 28850 7
3117 68503 2
2273 2083 43
66029 52332 25
51624 51378 21
61722 4769 124
64539 68321 144
1270 31015 12
9765 70944 124
51253 59019 32
8041 71133 1
35791 20344 1
5167 2889 75
26234 30446 112
9936 43325 1
54144 59398 136
14502 50559 2
3153 4741 78
52730 54000 68
19664 47822 28
60824 24390 72
72899 9232 126
1194 60970 130
17238 53604 7
11817 61621 24
69737 14502 2
29190 52538 7
21330 2111 120
55478 32585 69
20550 48719 194
55450 11002 68
35168 10997 63
25224 1691 25
39865 53666 1
69331 4245 54
34693 59349 2
52503 75491 1
74885 59246 124
51546 42317 29
64520 12598 114
21460 61991 46
15001 47820 16
3271 2175 63
4995 41914 138
59260 74289 120
2950 55435 7
30841 37569 10
75066 72313 41
51531 62146 40
72313 55880 7
8524 17887 14
49260 7981 10
54845 24448 10
63040 13016 24
28055 17514 1
65093 55649 3
49700 16312 28
39458 8560 6
61811 37917 153
31153 67687 72
55145 58971 72
33335 60630 14
53314 13186 30
69528 17809 37
3178 3185 47
8069 21458 114
71158 74393 10
12939 5175 54
5558 24400 37
57120 301 29
2517 68880 46
44636 30902 7
56237 52776 1
9691 14787 32
31826 8953 53
42980 33443 1
65432 30856 15
65607 45747 25
18236 43473 88
31210 42117 36
10245 70421 2
75300 1736 56
39000 61090 51
53864 5228 25
1691 24326 92
75480 31320 94
70436 65087 2
5634 52578 37
17975 24965 7
66064 56379 72
21287 26395 180
72964 62312 37
69308 73410 76
1902 35138 74
40922 63522 29
19270 1667 7
27450 45541 25
64472 12133 128
31288 73057 10
15384 67282 17
23996 16970 117
39430 72696 14
15809 12466 124
61997 12858 15
65360 5199 15
58402 73133 10
38542 38479 91
61428 8066 1
18827 3178 47
45953 18575 16
30421 68557 32
71068 32467 192
57702 57157 37
18825 52546 3
61394 17812 6
16870 27860 72
32719 16383 1
38826 11927 72
73827 64189 11
32659 46609 114
64537 45425 10
25317 22940 1
20446 29112 151
27775 32719 37
59267 62457 2
17504 105 3
62689 50903 77
43555 1759 51
64138 37434 8
38489 38303 112
812 55262 7
51739 52005 16
36272 59384 114
45415 24891 3
10516 37414 147
47893 62034 2
25420 60940 124
59305 56024 124
62425 22973 7
18735 71393 3
68105 877 3
20587 69083 1
7039 15611 10
48887 66585 163
35674 74048 169
22027 21806 120
2306 51044 63
9661 30636 3
43144 44631 2
12136 75152 10
29187 19726 29
69668 14969 10
64568 13681 10
2404 18722 47
74990 2707 145
73974 40192 114
41575 60332 10
43124 30603 2
9627 51556 29
38439 40610 116
45631 18489 2
61232 47786 101
63887 2240 43
61404 52485 29
73031 38721 30
9362 18826 10
68601 2541 1
55829 4765 1
13098 52519 3
57024 25188 37
57466 56417 163
45334 5665 21
66705 48650 28
47129 27718 166
60802 49075 72
35225 29238 51
15978 66258 1
25098 44592 80
48073 68055 25
61700 8560 72
51954 2446 88
37396 62060 3
12243 44127 124
17613 14274 156
49059 72295 114
38191 66070 72
2959 28691 60
67389 3128 62
30865 70397 1
51797 53415 87
51344 73489 25
62805 61988 74
20283 55447 147
31005 61385 120
24607 14334 7
71261 58574 167
54324 55915 140
7694 62219 40
23209 17893 10
1997 35169 43
43225 34432 116
17954 41237 27
26378 57850 121
43483 70181 2
25453 64190 72
58857 48370 3
44439 49073 1
59302 18049 24
14269 1509 10
10475 44617 3
66699 34030 21
9663 52894 72
74120 46909 36
35845 62070 29
72539 17594 12
48135 71773 26
64498 4191 1
15208 54573 3
74013 16375 104
72374 52739 2
57609 21229 15
61953 25737 124
58014 70976 89
2238 35159 51
35716 65435 29
45049 5710 166
62672 68047 73
41627 53989 32
61419 31298 41
32554 54211 1
56577 26052 164
44874 21913 2
57053 61499 28
68806 40699 15
16717 25344 29
70977 17816 144
41449 25362 29
64291 39754 130
64207 27325 2
32703 9664 7
22238 61596 24
61299 59060 6
6104 17792 2
34965 43608 7
28015 35669 1
43494 60808 72
44443 53272 117
4007 25049 14
6355 54914 1
52822 45444 10
43412 8257 2
20958 19891 21
53998 57911 124
17106 68509 2
48625 17802 136
62762 59259 7
50361 24930 171
57335 45692 30
9868 12641 1
47332 66288 25
74524 8038 21
11801 2201 46
53574 12019 3
48085 72821 26
64293 61247 10
22437 58712 153
49660 40192 1
54271 25236 14
68822 54858 1
43381 39355 29
70445 20217 25
1883 69059 153
51555 2105 101
24064 2041 120
70828 56285 122
2572 62673 70
74473 13060 2
38945 30615 157
32712 34820 9
29450 33120 2
43469 23947 50
27597 55976 153
44605 36723 29
59327 9665 3
61997 60782 9
58785 61917 7
30395 19037 141
15379 36967 10
26048 74476 32
38337 44668 38
54493 38645 7
65502 17801 16
7605 9835 111
19336 39138 72
15197 31731 45
28733 62598 150
46677 21735 28
59258 26292 1
60891 45098 2
15541 58630 7
19913 4775 145
62970 30991 148
48701 24332 136
10150 21549 1
13115 22610 3
74761 31827 42
12654 13793 25
70648 35745 32
42923 8241 67
4156 57026 136
14502 45655 25
44780 54033 72
49805 8285 116
62005 68741 158
32441 73694 2
28225 54292 145
64415 69281 2
70079 71259 120
60763 19020 2
28154 65080 28
68837 35696 6
36287 37198 24
65887 74150 15
62087 64207 39
9868 12355 30
59229 37386 72
63109 23064 32
54315 15809 112
30425 20081 20
21956 19592 130
62230 15941 14
28287 43497 1
18851 59020 147
51204 65552 37
72393 48658 122
32781 53873 15
45278 67607 10
43119 26451 146
60703 63111 29
32442 17805 1
38305 1239 1
72613 18062 72
49970 60681 120
54166 70574 69
22240 48826 2
8258 2613 117
48009 62063 36
3022 9999 148
46472 51235 21
31816 58846 53
57045 50327 2
63116 38616 19
75026 62930 65
5151 35150 60
36176 62060 21
17803 38666 26
25776 43025 71
63669 17518 166
59016 43777 1
41045 39426 1
61664 14279 116
18937 33475 141
1399 837 24
67452 32602 120
35210 31645 47
3335 2071 75
54404 4747 54
51631 12354 40
2880 7335 2
10915 1786 54
58747 59707 194
55414 55431 135
70828 38248 30
62222 45927 22
73590 62305 84
1689 61346 120
28013 44088 72
27877 58803 1
6032 1897 21
47466 68243 101
24782 63116 19
47368 8220 152
17607 24209 28
46517 31340 22
71229 25172 1
53179 24521 1
2264 35376 10
30966 66299 12
17089 41333 101
14502 60589 37
64448 2186 61
68378 912 1
55846 54111 120
46919 27772 38
70827 19978 148
13108 13138 30
41714 5743 32
11857 12220 119
13138 25826 114
32698 32723 2
5565 1240 36
74471 41637 117
12050 48459 14
10328 1892 72
39444 50810 159
13624 8738 27
31101 36965 20
64277 27561 114
26629 54821 72
58896 59341 144
27459 14960 32
59563 59255 151
62704 12027 3
18032 16819 25
58638 10952 187
24677 58596 136
35386 45128 37
63099 20352 9
6375 57653 25
728 54421 37
17604 19804 18
27561 62721 195
44391 22204 1
55405 39845 1
17277 59071 2
63109 64228 8
72683 11140 113
48262 49141 24
64248 51533 24
54025 22396 27
52497 23244 37
7015 38656 102
62634 3752 70
49213 39266 21
8005 58721 72
28612 21074 1
35265 64543 53
62459 21207 3
70530 5240 3
22475 38238 117
43355 58315 7
20592 44425 65
56751 6288 25
47561 30857 104
54493 64147 27
52507 54188 180
58342 23133 2
64245 13982 113
49768 28612 16
52239 4796 14
67342 3287 63
38304 64313 15
44899 33312 21
44796 27571 27
35535 70607 143
10043 36355 29
29190 28329 1
46980 15809 24
15809 26217 27
31592 30550 51
27978 54317 21
64140 38011 10
15143 5165 7
10522 21184 145
58931 48703 101
2183 62676 1
18489 26861 1
19773 28871 14
54533 20533 10
67808 51628 25
19873 49884 24
12427 73051 14
2873 3186 77
2407 43110 3
67473 58732 17
46154 2708 35
16703 22895 2
55742 32586 1
75139 759 85
10516 35078 68
35291 28708 66
3213 15776 2
65299 37273 2
57692 22249 164
41553 20197 24
20960 12849 15
20425 56167 144
57291 60731 19
24778 57954 185
67452 45061 180
53749 64302 3
69336 21488 37
51218 65439 2
13281 55012 145
40953 14235 25
32376 52538 3
6325 31500 124
33472 60743 133
22413 17752 154
1319 40922 37
40593 1268 1
62011 17703 28
61956 46770 1
59268 51957 39
7357 57412 120
50282 44294 123
37713 62794 65
68045 43404 24
1204 5105 25
16189 55963 15
18060 57042 6
41661 58617 2
2277 17452 15
30837 71174 38
32605 1087 10
61466 51166 6
3214 11001 61
48200 61733 114
51261 21756 33
55517 25627 68
49236 25463 112
72022 42553 175
53553 50367 25
34877 44043 106
9814 10259 131
73076 61922 1
18045 9864 27
64137 52509 109
56969 27510 37
9998 27782 0
12775 12428 24
36101 10150 120
57692 39155 14
74402 12519 1
58924 74724 72
39755 12510 1
32584 46002 153
71041 55122 3
30958 2719 12
60828 52553 10
56521 10776 123
60948 47204 7
46308 23997 22
61981 22335 14
18219 12369 29
43133 53152 2
59309 23122 32
12304 25257 124
13132 54300 117
17001 26123 35
43565 4741 1
12039 11872 3
54326 60502 17
66911 6105 191
62475 62997 185
17582 20450 2
15337 57364 7
31294 51267 6
39457 47770 12
13155 62934 2
41725 22491 7
18290 39376 2
29250 62848 3
12311 39370 117
37477 19654 7
9755 17919 113
5081 38927 157
34269 12942 7
56861 65041 15
3527 13344 126
28055 16947 32
41878 1105 15
49835 42604 138
2025 62454 154
24808 64877 2
62633 10970 7
61385 72065 10
23015 70232 7
54440 2260 6
52484 4775 7
5029 26447 83
23115 48800 2
9236 69305 126
55955 11569 162
59030 53715 72
67228 12514 7
69092 56884 29
17807 37402 10
74406 45830 102
49598 25456 117
33632 44140 9
33084 74797 93
12884 31396 158
63629 74727 10
59000 52719 10
58590 72600 189
74929 19395 10
29763 71604 45
29500 23112 113
28678 11944 46
54044 53833 116
47611 47956 12
49165 64499 25
53582 18022 24
61277 12551 114
40675 56277 143
73031 74080 34
30859 55589 22
12524 52541 123
24613 1035 6
48792 21015 10
19873 72970 13
1292 64552 1
3404 51044 63
13359 13461 3
43061 30820 1
8955 22536 111
31134 31007 135
59505 44849 29
2494 55747 2
10417 75284 32
22075 52292 68
69307 61862 46
29160 68919 9
33747 69322 165
43011 58864 3
57432 56486 188
24293 9830 89
57865 27696 120
32948 63015 2
67811 75264 153
12943 3198 52
54137 49169 1
74338 21843 72
32994 24367 97
28906 29215 23
41643 67231 124
47092 28402 15
31787 69754 46
39200 61484 7
32349 61847 14
37612 72568 145
61107 12039 71
53152 10811 7
49164 52027 101
19811 23176 1
22332 14489 2
11911 63052 15
17808 41748 2
35943 40928 20
31365 2476 56
13122 27829 10
34360 58708 69
25596 74467 29
27672 48338 28
12729 14844 24
28464 64240 2
115 12565 112
62916 28756 133
15777 30435 29
68055 62063 27
45124 51808 28
60526 62453 10
20868 7691 29
71261 21453 10
38903 24802 50
74787 57024 37
13267 64558 7
55153 5062 2
67795 29711 118
64367 3212 45
25611 70020 117
12667 20268 129
59254 6379 27
69309 12672 101
62937 22421 148
37256 13742 68
3929 29580 79
50719 39037 28
32681 68594 2
62862 33444 2
25678 24735 33
62064 67800 27
17458 43469 120
27557 17783 34
66048 29168 14
37388 39275 1
60455 18200 25
69077 70828 145
3449 35120 46
24850 4046 49
64427 39388 2
39136 72133 126
35662 62639 70
25460 8323 3
69508 66693 29
31829 2618 69
30091 59251 142
7619 28913 3
18417 62480 164
32622 61233 7
47904 49834 25
61990 2333 66
59327 12027 3
58657 58834 3
64384 17975 7
54076 11621 57
61897 17259 3
15420 18302 117
55983 67012 187
38972 11016 44
47601 30952 37
62863 59099 3
50175 58617 191
26024 6391 25
59446 36188 8
75301 62736 7
17797 53849 34
24237 23163 84
13086 62453 8
31077 49064 37
60106 52401 37
64383 17401 67
53578 26512 32
62063 18998 3
33382 21372 41
60577 36878 122
32417 58961 147
19187 71268 72
41019 21537 2
35452 35231 76
28646 72803 7
56914 26307 69
62334 59254 0
2852 35287 54
39886 70086 37
62771 13186 110
4283 21138 3
8367 12308 6
35825 40835 29
55511 68501 24
33223 35678 22
36906 4783 7
56578 24860 184
1789 1886 48
6724 73086 120
28675 13098 3
48422 16286 26
39705 63458 114
31785 4107 62
52776 7202 72
67748 35222 76
39226 50659 3
58800 70525 144
59011 45986 10
21285 32559 10
11023 2277 55
60087 44596 41
28376 59338 2
67454 56284 7
58734 39269 1
67997 61951 69
52963 64454 2
26617 53218 1
33416 68049 1
56692 3646 37
25340 1904 3
60814 37773 72
2488 1831 62
38189 54179 1
25543 64793 120
58554 1689 191
49768 40742 24
62645 46357 195
61795 62513 3
44056 24980 9
49710 58149 26
13148 31281 101
11739 13398 133
56489 52731 68
70389 36543 25
11415 31911 133
5414 33272 191
61747 55454 24
1676 71001 37
65953 61813 2
51864 61572 21
12685 38176 153
9746 69462 24
65954 16218 40
75372 4746 28
10091 15149 153
56495 51625 87
57610 47302 91
64980 1894 15
54316 17811 113
46999 13755 120
3016 53535 37
64439 5035 2
38865 16537 157
46814 37972 148
66600 43117 101
58906 40706 28
73860 61600 114
40897 62669 70
14984 27580 3
40894 41217 32
8119 64826 108
61578 50289 6
24965 54529 1
53484 1574 21
12931 22651 32
39861 44928 7
19407 75151 21
33038 28124 2
37406 24883 193
3431 35270 54
50571 52344 3
51618 10170 16
39092 47229 62
31372 60081 124
37408 41328 1
64579 1690 25
58748 49768 120
5202 38196 78
73070 52931 7
69193 2235 43
40606 51487 35
62934 59275 15
4155 49172 120
26581 6459 114
48102 33036 25
12875 3263 75
44435 39532 7
9661 34462 9
49695 21588 10
38248 66298 25
32581 2623 68
70514 37278 10
15174 74176 24
24318 20301 36
839 58864 3
70571 55152 1
30727 31261 1
2012 39150 173
51495 61130 3
15183 75294 2
61704 39305 7
39771 32880 6
46325 71986 115
19879 70455 20
20680 1688 24
12498 9830 113
61795 47604 101
8602 32737 1
31024 1173 18
17459 51252 120
43394 12685 112
47327 74828 29
17440 14715 3
62455 15103 2
4765 51255 3
30273 64406 2
53984 23370 120
8210 49696 37
61920 55593 24
5246 31048 85
54304 46893 27
64295 12346 10
8774 61968 124
40963 58304 2
2380 39439 44
27117 13030 124
39837 25636 112
47157 9235 26
2076 3652 51
30582 35433 2
94 39153 2
50286 6130 163
39833 12471 25
50377 22442 10
46565 69844 27
31208 14450 15
6375 40652 33
41327 69085 24
33421 33533 37
48813 28900 130
45132 58701 194
35651 74391 84
73035 53596 2
74646 15620 153
66137 75387 124
54119 14895 7
25933 64794 2
48601 66730 191
39868 30624 29
30928 25203 14
51399 53664 27
17114 24358 3
71480 62027 94
24558 66539 3
44386 70945 194
9941 46294 35
71125 49097 143
35762 41909 10
73486 54630 112
68839 33061 101
64283 26235 124
39201 50323 2
7838 40599 10
69219 47222 9
43272 36011 29
63118 47743 166
70380 59246 1
72157 52442 6
62147 32835 121
67386 64579 2
45739 57478 24
63062 62662 70
19616 54259 122
38918 3438 28
22608 9941 27
65169 37414 15
27720 15620 120
63436 56530 24
358 1190 24
4844 68849 130
56453 35510 7
10519 27621 32
54416 70510 9
15713 12601 2
52623 2264 7
19036 38491 7
58885 51859 147
15679 1529 135
2418 11656 61
61208 75285 3
45799 17514 35
54286 12227 121
22444 62737 33
8465 59373 124
51177 27556 2
33006 28750 6
50364 42741 37
56459 54397 42
31288 35668 32
52380 2122 72
47822 62736 2
38776 25492 112
2106 3658 56
57727 7159 94
15185 58069 21
30194 24866 27
4783 44545 1
74743 73073 152
53862 38296 122
68049 15109 3
44902 24361 120
4209 61988 1
53405 66065 1
49234 64351 2
23380 56489 68
52116 64026 7
52144 59313 40
64609 52730 2
35481 15360 76
73988 27632 114
58055 38294 103
63984 45823 7
55891 17272 1
2440 53310 28
17872 12507 118
26284 27905 32
50041 736 97
55105 12970 3
75444 75280 117
40606 46333 31
49598 62999 111
2290 1998 45
70731 43024 1
57032 23278 101
54768 64505 7
17813 26123 27
3991 3669 54
28445 48752 3
10328 58929 10
70083 4314 37
62502 24843 50
24608 63732 5
56583 30845 2
59759 62063 34
60348 54195 101
49271 71020 14
49324 56844 3
2978 17249 10
5029 9206 83
52555 65895 119
29345 65278 28
59633 35710 32
62447 24622 153
27873 73536 28
69776 51834 87
53593 66308 10
48465 17967 29
48768 61641 114
41210 8742 29
55509 21359 69
51288 66840 101
5323 24026 187
54414 56522 123
22506 15126 195
44565 72679 124
14933 57283 155
64500 52514 124
10259 24948 38
5427 50327 23
68020 30460 2
54016 32563 72
17866 56115 111
23980 57789 188
75301 61811 10
62330 9728 102
9255 67159 82
27167 54053 124
43699 37444 120
32542 53890 0
44289 39242 3
74209 10516 9
57704 64987 28
22525 8819 116
12389 15131 3
53486 28850 135
30225 75300 47
2149 62767 1
27273 25711 124
47232 1767 56
41981 31062 7
3319 3253 54
64644 39148 15
63011 39055 47
38756 57484 21
14816 25648 69
24329 55815 1
21924 55619 10
58792 25242 32
60837 24929 2
21476 6369 39
75108 43983 7
22604 68723 1
28514 12492 117
27668 12106 53
35689 43437 2
42919 60825 10
52796 4771 3
22649 39272 27
31514 26315 42
62006 2390 46
39236 64550 167
9654 16830 171
2809 32358 10
62723 72254 1
24965 72262 1
1672 50136 36
60979 41844 32
47330 17816 114
33154 21406 72
39838 63043 8
62804 3732 195
3387 4265 63
17809 51834 7
50976 16692 8
67359 1804 64
58072 68740 101
41018 27470 5
38208 32865 120
196 54186 120
27197 62043 10
15654 28868 2
52161 57760 27
41360 42569 13
61462 3735 72
59262 45524 111
2278 67793 61
27557 17119 32
70835 68719 2
62338 17807 0
45328 62854 7
16626 26614 10
23154 10108 3
1369 15149 80
75128 48651 81
956 25709 3
54212 70939 10
46916 56504 15
31270 24928 104
35647 15786 144
8252 13202 24
49106 56885 101
15538 53167 145
27465 14450 129
24965 45433 122
54185 24104 29
26292 60310 27
70251 54721 145
34417 19179 122
43180 23084 151
23243 69326 2
46846 53874 29
47010 47585 156
61000 9717 121
24619 30812 21
62309 25642 37
62298 60296 121
43096 12278 7
51421 40817 9
50112 59260 29
44236 32734 10
47099 4581 175
72315 32568 1
49159 41134 28
53355 24471 7
56466 68064 7
54614 37975 10
37294 40596 17
30873 47892 135
38507 10261 171
69452 66078 110
35230 67791 77
13543 14404 2
8294 49715 23
68365 61215 1
17792 74666 3
72295 12062 10
1676 24632 120
64221 14465 112
1065 24886 28
52349 50307 87
67996 18269 9
62519 39045 46
59221 64406 2
57894 74789 37
62357 51733 24
66749 5702 183
51813 61380 32
15364 67184 38
25069 68298 111
49918 47023 156
72293 3684 24
33196 56827 2
24833 64933 2
61251 75340 101
63090 43071 1
50331 54367 2
19610 10123 148
10150 35728 171
26728 9913 27
40766 67620 108
27274 53847 122
62455 55203 2
1192 64153 112
27766 68319 1
57738 1674 21
17807 43132 1
15136 70905 3
75119 70683 21
12027 32567 120
32962 4764 6
21955 75288 112
26395 26831 6
20041 12590 122
31332 31296 36
27318 56654 146
46165 1159 13
24131 9913 33
55152 17138 2
38351 51319 139
13344 43616 91
48006 38468 175
39008 291 7
24435 70387 136
54303 3053 124
45027 26624 25
1672 66949 155
59310 60737 2
3093 25486 10
55994 62060 96
19653 44395 33
74138 49742 25
48036 47538 24
25473 62704 120
62918 23292 147
72418 59657 30
54236 16631 1
19494 12645 32
17623 67908 2
5198 2320 57
64535 32833 111
7263 53294 120
25810 59054 120
34492 37393 10
68807 57782 2
68710 71089 2
38922 50468 64
28100 38369 15
10401 75287 2
46617 49259 38
52594 945 5
8321 61662 10
56682 39501 25
15350 32589 73
55148 60823 10
42000 74386 120
25868 26699 10
22160 64095 1
55125 75110 32
17217 43406 2
26124 52873 10
58050 15149 96
12967 26814 14
55639 43001 7
55292 60776 2
23137 21060 25
64090 62678 70
16737 75005 72
43621 46495 117
24857 3657 14
5334 64978 94
37234 44311 1
15332 2999 65
7127 55229 10
54521 52472 101
2064 12014 78
49033 57271 114
2125 17506 10
43662 43607 25
57586 45388 120
31444 64300 114
33270 52017 37
25654 59259 121
61675 49214 29
74063 51533 80
47184 70069 36
57555 32495 144
46864 32734 147
35645 35646 42
26769 44023 8
29552 67774 47
46148 21543 31
8005 63477 1
74222 56306 97
58235 49030 25
61866 51525 84
49153 52094 35
7636 39474 101
12661 61918 24
66067 24516 7
12967 28858 2
4299 35152 46
74305 72259 171
68542 64461 2
62969 8950 9
53706 31836 3
60397 62948 15
59338 679 112
47473 48167 27
27829 26434 7
70306 32949 114
61584 68049 28
2187 1767 56
62146 26864 101
26745 33399 189
10624 17367 3
53969 54236 1
63345 39463 10
56212 26785 167
64464 11590 29
19711 73500 102
66592 61519 37
16752 75007 72
20307 43604 37
74390 35828 37
62460 9838 199
13124 64267 14
47520 1035 2
51111 16378 1
10714 11534 162
1062 52750 101
67319 70527 72
58686 19283 7
46575 66914 22
45651 24000 23
29650 17514 79
20077 51579 177
47991 30478 24
37506 50555 71
22942 56105 2
22055 5280 136
58998 41471 3
22906 30405 2
17914 53510 37
29242 13616 126
24005 10046 92
40743 5235 14
3122 64316 2
36325 31908 14
64449 12202 128
64163 8941 2
69143 36987 24
35950 55929 10
52274 15100 10
65948 39489 15
52718 19164 68
62799 17808 1
73483 38227 27
32882 7540 2
75154 43218 10
73942 50373 2
41327 45614 2
64637 20324 15
52255 65679 40
40165 61957 130
69483 44101 134
17549 52478 6
39467 59685 7
40254 58931 123
196 4756 14
48263 27557 34
5192 2474 76
62875 62796 73
75430 27927 120
62930 8869 3
41314 52776 7
69835 67958 28
72721 61680 3
59803 62064 25
23079 48921 189
59295 49376 7
45727 72106 34
38511 61815 39
30462 30826 2
12742 72016 151
18837 49660 7
62970 33006 14
14502 26712 122
57383 49013 155
10863 39485 63
33471 12462 112
11958 10118 32
44303 22607 2
11608 23519 3
23576 61970 9
8685 43628 38
4532 16598 59
68722 46957 12
25104 38331 15
5115 38345 14
27625 34813 144
74457 43133 88
30976 56312 72
57423 49006 15
22054 42066 17
17236 12197 2
39256 66124 121
28995 73660 24
25344 32694 2
47818 25329 25
25813 53151 72
45586 14146 39
75129 64376 2
70828 61881 72
58208 54007 28
15694 39270 24
17224 12698 10
68392 37262 37
30568 40934 177
26751 41062 5
59469 33055 14
13998 12040 29
17510 27514 7
42984 13582 1
21837 20415 117
45456 45239 16
36573 30815 25
12592 74190 25
62972 54502 2
59259 74531 113
15654 71944 2
62035 60790 2
22871 22294 122
23120 39465 7
28622 18168 124
4143 31501 62
74843 60372 124
47749 68737 24
46929 46151 3
62058 16258 22
4697 44866 35
32362 14777 2
63118 28540 1
30950 55928 10
25264 6606 120
66408 63783 72
18965 15307 3
59984 3358 37
31339 49128 25
2357 51543 84
24733 22637 1
54188 14168 3
62453 10516 72
2750 70827 113
59490 14502 30
24557 49982 95
63290 73543 2
53883 70380 1
52552 24581 2
17503 66070 1
11997 658 122
18460 28979 156
45350 10513 59
18232 56181 166
68142 51484 88
62064 33469 3
51197 62461 10
4084 53779 58
41547 16187 32
56285 43117 3
46522 8390 24
2070 54510 2
48693 35392 105
62413 61219 17
69664 45355 10
69476 24965 14
52227 52293 84
53856 59548 122
46453 75076 30
19206 10353 116
64530 71592 53
42138 60488 71
53344 36083 25
67454 39778 1
4840 1086 2
9751 36293 171
9985 69762 101
42866 1691 2
61673 18211 37
51543 62329 72
57868 36121 116
35841 48126 2
66307 64598 28
62367 51934 87
54100 32996 6
10110 29033 2
60717 60726 41
32494 26723 7
38471 21141 37
51857 11901 37
28231 14580 10
12654 31295 21
52370 56280 69
67384 12899 62
11984 60411 71
43955 2954 69
22445 3941 1
58987 70310 72
72156 20461 32
16359 45115 2
62035 45271 31
57226 53898 37
26751 51495 0
16581 13941 68
1873 30970 147
73538 9637 1
53360 62912 14
39150 71095 3
48783 58057 93
45488 58356 167
20533 32499 3
50274 51599 29
4162 59250 28
31150 8529 14
63999 2279 53
63005 17485 50
27572 10929 20
43069 70929 1
8664 52002 28
14502 16719 2
2070 27563 195
31300 50305 25
72315 46722 16
32423 38201 45
32742 70219 7
70238 24965 115
61838 23960 25
18797 62449 7
57002 43094 20
10119 62037 2
26446 39403 1
11625 2438 78
2101 71098 50
69277 11955 24
61670 38911 11
43003 43056 7
5194 1124 37
21986 66045 26
73548 817 7
59255 26661 25
18208 72234 24
57634 58949 120
5113 43594 3
39092 12928 60
27537 55087 3
52541 35829 2
68365 68462 136
31777 31829 47
17506 23985 2
25232 72291 57
68483 61980 24
17495 55087 10
35126 35374 77
66528 33177 93
11876 70570 3
17676 47340 27
56711 47783 184
52285 45791 28
10526 53581 27
35908 54083 1
50282 75172 2
1691 10136 6
41561 59246 116
10185 62058 24
18895 13035 10
9979 24965 111
40189 24574 1
13008 36927 24
63043 32701 14
20032 17478 153
58315 64288 3
42298 9931 10
34602 65049 15
70190 19505 134
75264 33288 10
22220 43852 134
39218 51384 24
47564 65092 28
17498 75163 2
58256 46116 7
31978 62532 133
64561 13052 29
7951 51910 9
1463 59843 122
66763 34278 114
24107 20994 106
65300 33802 1
27115 62750 177
40193 62453 1
303 75120 25
57404 67320 103
18867 41057 2
1732 3286 28
53702 37702 3
1772 16880 142
70933 27792 2
22650 8391 72
57740 75123 25
60731 17078 25
19328 52037 16
44791 30893 7
72315 28737 1
50457 57560 3
26366 2140 7
36432 25241 120
38805 64476 2
41292 70731 72
17458 50381 3
22849 59258 2
57867 64140 30
71912 36766 14
59246 17193 14
63923 60038 147
18901 61897 7
54322 13359 2
18097 60098 117
62008 1801 57
3284 60794 24
49757 50286 21
48658 68815 32
73283 53440 32
32633 62457 153
51358 52404 25
53173 50295 7
69724 17810 122
22680 956 2
49036 49017 138
5168 29120 2
61518 58976 10
10213 49036 20
45061 18346 121
30871 4259 46
25786 19406 27
12874 54099 29
40953 36554 27
67471 29358 28
46891 4876 1
51284 70235 39
39421 7830 32
64503 24163 166
53544 74588 7
59254 47765 113
53397 27545 7
31591 43562 46
47926 31436 12
64290 74667 3
51598 58270 37
1869 37757 57
57264 58984 29
64326 14502 120
4813 47734 24
66147 28384 10
72511 51181 2
49556 47992 25
24491 70591 14
33431 37701 44
9907 31569 9
5012 13510 83
27385 72970 27
1677 5901 101
39237 64521 167
43552 12640 30
302 40250 7
27070 30424 120
31873 68386 3
14622 34149 106
44807 69668 8
40977 40148 1
37819 27446 120
1275 14962 117
23131 29225 11
5073 54008 1
49045 26689 96
62374 32670 24
66949 65021 164
62151 193 21
39204 798 3
50223 18264 140
19915 70147 138
69041 10600 133
21852 51265 6
39271 65432 22
47026 71047 14
53678 28542 24
62648 62273 1
64322 57899 189
21103 13108 24
64529 27717 25
53393 8459 114
58876 23334 34
17812 25621 116
3654 35226 51
18062 41865 7
5997 59542 197
5232 64386 2
68523 15957 10
26368 69101 121
64534 64545 111
33345 27714 167
56119 31272 2
41887 52514 24
51415 62459 2
51980 2052 132
53721 55150 37
52536 32337 28
53624 32525 1
62684 23298 25
1683 24062 95
22564 13129 1
39271 2716 120
62464 28179 1
43226 15809 37
19589 33420 10
54758 18087 145
49768 63068 2
55088 70400 1
61672 20364 3
12608 31153 30
2249 51037 161
37273 12817 10
10282 12703 117
38434 26090 37
23476 52622 50
67717 33472 133
49196 12841 7
21116 28182 32
53854 59355 121
56962 60213 25
43575 39330 3
17058 1687 129
37386 70230 17
27269 14502 171
49481 19275 25
72265 60846 2
62178 38332 25
27345 27902 101
64681 24190 2
74236 7537 96
58541 17809 124
10328 21263 2
34624 69837 129
2613 25553 14
26632 5068 2
60985 31349 151
39286 33129 6
40222 39829 2
51583 41094 3
41031 39531 2
13061 69733 2
28850 47629 7
56577 65910 123
51430 63306 10
28489 28514 25
60487 23021 147
59262 50269 122
61381 61339 7
30787 31101 1
24361 24043 97
31023 5604 167
43445 70376 3
48683 72790 2
55589 61300 69
64110 39881 7
72163 6164 96
25438 40685 112
29132 29151 28
62961 58306 2
52749 52744 133
13958 74881 7
25340 33469 3
75374 10641 1
3071 19532 143
62409 49593 23
47859 64409 2
48645 63789 72
21750 57563 21
53859 18889 5
75341 51403 27
53332 69952 21
59401 11900 27
55110 61039 10
64239 15150 2
71033 16933 144
12332 56752 10
18575 27139 25
71114 32590 3
32321 39465 65
62029 36093 24
31803 35201 74
40682 61639 32
62628 35622 70
60274 51933 69
50500 20466 1
57800 21383 15
24363 5264 2
62073 42880 40
15390 60986 10
53874 62158 3
3161 63676 69
59321 70447 7
26522 33105 189
34506 66778 21
2880 52583 10
35780 25203 7
61651 52840 101
12961 12818 63
17817 60532 116
24183 32719 120
39829 58454 28
27742 67329 154
22342 26651 136
15156 74442 21
51610 28167 145
12968 57190 28
60799 16025 25
62464 870 2
22157 74473 40
7161 38212 120
8854 75095 1
64245 55084 114
75045 27876 9
69636 74121 175
64224 75071 37
32533 66275 119
13081 3665 121
56377 29033 92
65762 46904 37
54504 17938 32
61580 5234 101
16014 38213 9
75154 70559 7
61318 45338 39
56264 37245 125
16763 39392 2
70607 37852 173
17264 63924 3
46386 4122 29
46327 71095 1
45802 60661 27
20032 62453 199
46973 52329 3
40606 47625 13
4166 63970 10
12873 74582 28
4080 42957 45
37136 24978 14
18056 48852 147
66199 69751 114
31471 60503 122
43141 70260 71
25641 20962 2
62042 11964 3
3355 57894 24
54427 301 6
53387 27537 37
55880 18207 69
58772 12825 10
30965 46759 34
21037 11655 7
36779 41106 2
69891 58517 194
29316 52970 39
67048 302 21
72604 38914 29
39267 18717 3
35221 2636 49
8550 9901 24
56943 48031 98
8584 15384 1
70298 14808 87
30432 44551 117
19263 47368 120
64865 49234 35
49805 68644 79
71018 33102 39
17934 54518 41
61834 62097 114
64122 15103 3
70772 74860 7
47585 47689 22
11314 40620 24
69528 11845 24
25470 70419 9
18593 4865 25
20929 1546 112
47030 28515 1
4748 2898 77
73548 71369 3
5881 67165 100
4138 21052 148
58355 53365 25
70731 74644 7
15668 74553 0
10156 74100 102
62958 39360 1
32710 42857 32
50526 25504 134
74798 17760 114
37362 52768 10
39000 62907 15
72108 2818 69
48214 53945 140
21002 15245 7
21706 61909 28
57091 47847 101
69463 33445 19
3900 2136 62
54322 2725 2
12763 56864 121
54345 35745 32
61572 22695 17
26546 32926 136
12921 28690 63
4312 58894 10
19557 72378 144
61086 56445 42
13083 21385 14
74881 8119 136
39155 32468 153
14150 51227 28
64568 45492 119
35214 26453 7
56744 62061 2
12235 4769 180
59322 8755 24
41029 52979 1
52512 48305 24
22368 42971 1
44495 61196 10
17817 61731 6
70995 52569 0
58092 28545 39
32576 26648 144
49017 38249 100
39092 10398 50
58422 64174 8
22746 68028 22
47234 24014 29
2013 31298 72
67615 672 136
21482 56821 41
62811 68287 10
48467 56982 24
51662 58448 10
7854 29004 70
28561 49768 117
2115 10907 76
51683 39270 37
41083 31500 7
23024 70621 3
19218 23136 111
64555 58961 194
27706 19898 192
39474 20201 1
48895 49348 24
49156 12990 10
1557 4051 52
21594 72368 147
64683 29237 3
14502 56989 3
43962 28428 72
25936 70182 121
18868 30660 2
41303 64741 6
33456 21665 3
24965 35867 21
33629 67339 53
64164 62791 70
11705 2106 44
37478 53091 3
28231 27443 10
75046 74542 10
60121 12738 10
39142 39102 48
53893 54238 116
15351 8848 117
27255 25221 14
24947 32672 15
66074 31143 3
42975 16643 7
22988 52484 72
68373 31671 75
58741 11926 24
57119 1276 1
25400 13097 122
25001 51177 2
14589 21230 123
18453 20752 2
50545 70819 10
28124 63680 32
15639 39457 3
19217 10811 10
23396 27587 123
60324 61008 68
66072 53321 1
64845 39271 21
68812 12939 10
15502 14435 22
63100 58200 24
62473 51263 7
35292 4020 158
41157 28818 123
67913 9868 26
34435 302 7
68586 69656 6
12898 21256 7
4734 11724 77
55148 26739 10
51719 1743 59
12029 31136 2
10809 26617 2
13093 2974 69
10002 42928 175
13087 22109 1
7074 5909 155
51832 17145 10
5126 51875 37
52739 72095 6
4784 58873 27
55981 69947 92
41564 10251 29
74247 57697 187
61238 31334 1
28859 16484 2
37983 61124 10
33098 38679 35
45954 2719 2
54227 10699 29
64535 60972 32
4937 17405 3
71031 52455 24
3654 23574 46
47973 5868 25
54015 54819 145
39807 55504 7
24799 12454 50
48795 33349 10
72315 66065 72
17504 9668 7
62240 38405 24
8241 12807 122
6375 27605 120
69482 40783 177
46961 24187 32
55528 4030 15
28737 55119 10
44935 35967 101
73092 8906 98
64384 2428 46
64181 35156 2
47300 1793 60
54366 42481 2
11452 52532 65
54199 31475 121
62131 49805 39
1431 74104 25
56636 10063 15
46676 17676 21
6251 27423 25
41425 1694 178
62063 32933 25
21941 56123 107
1854 31585 51
1609 43588 29
35785 66807 1
35163 17475 45
60689 22907 7
48773 8028 90
70827 20361 130
70990 4771 120
57591 58587 17
27641 19231 152
70304 52610 2
37376 55154 10
66382 31337 30
33526 1923 7
48491 17887 186
2060 25330 121
72941 30948 12
61385 31507 1
72725 1667 25
49194 59842 114
8612 25460 114
6371 59250 96
42509 42809 1
8081 69762 37
28602 61562 29
54292 62815 72
48687 7447 95
17059 48667 8
52281 51644 120
2340 3354 52
57555 12739 121
68819 32720 1
71406 68851 94
44791 48658 113
50386 16578 2
53651 42981 3
32526 48602 72
39263 28055 147
75280 33351 29
24607 14418 130
25015 5530 13
53331 7423 91
74384 33951 1
62448 51779 119
18808 55941 2
17676 64542 117
1687 55982 168
53696 5266 25
72456 54866 154
4773 52496 3
67137 46674 30
52493 54490 108
27558 5418 96
31145 59071 38
7951 70933 24
33579 64336 8
43575 50369 3
66466 48747 91
54066 49068 21
39284 47245 2
19552 19401 26
22758 60864 2
3893 61985 57
13250 33657 10
25513 10516 10
4916 47022 138
38549 72313 2
33633 21891 3
63446 2654 145
75027 72104 71
37446 67340 70
51317 39046 35
47902 28997 156
49768 55641 3
41908 55043 10
14222 65751 135
24058 32853 95
71273 17815 37
33429 61870 79
902 31331 112
45552 49076 2
29797 19445 10
26375 17815 1
62880 29461 50
31637 33432 79
2439 67819 78
9790 17810 72
30439 12668 10
74378 5667 28
8257 10524 112
36602 53857 25
73438 40980 2
52608 72019 123
21459 17880 72
43451 69735 2
34121 37250 147
47293 10724 25
52341 53906 3
26779 20897 114
61001 9400 128
19326 32481 3
1535 42241 26
27059 64926 2
17476 65384 14
2390 52190 72
48789 66076 147
61558 47800 10
52179 5228 25
2620 48071 9
51737 53857 73
54217 67799 124
73822 68666 1
12251 12531 140
48056 49132 24
17597 42420 29
25343 27829 10
20673 1677 10
64608 43660 2
32722 36096 101
41396 64833 2
59932 68932 197
37733 39488 28
46407 43637 7
49970 18887 10
12990 26797 25
12975 53666 30
14265 11551 2
18195 38784 27
43351 39199 2
44445 49051 7
61945 39465 72
71074 71758 147
62924 30442 14
49584 50373 3
11835 70925 69
58103 63115 19
53845 75120 7
20993 50327 3
53206 27246 124
70426 54358 2
62246 32498 7
67133 21030 120
15111 15809 88
64088 54879 145
8449 39918 37
38695 56701 102
30794 66847 2
70564 30893 7
35752 37725 32
1254 15197 176
35217 35401 75
40907 12338 27
33622 21716 5
30911 64049 2
60696 6137 92
55525 63098 2
46560 38717 102
32671 48631 27
51161 52740 2
69948 47181 36
31243 63030 147
72433 58943 143
27225 13783 3
18403 58974 6
63894 56691 38
32495 71118 10
8591 28497 10
27274 55486 10
66070 50292 2
53384 46496 22
4045 72998 49
25271 18387 37
49174 9656 1
64494 64543 3
26356 51790 72
12934 31676 48
64500 62058 166
62256 1693 87
28840 31262 2
62617 720 7
46378 32578 7
388 75123 2
13435 17320 3
38754 62752 117
37453 67693 3
73837 41743 32
25141 32722 2
50229 57737 24
7685 70682 71
21435 17504 3
32930 23818 6
67155 45745 114
38020 44810 38
40014 53211 7
2605 5214 75
18236 19193 14
63023 31271 72
62450 39513 2
72612 57357 41
11014 28674 74
3389 38924 63
56033 52736 32
33192 21955 24
70983 1022 29
51552 6132 36
60084 15195 29
27137 43080 7
32652 46837 7
60732 8126 114
56806 17582 26
65827 41741 15
3901 71633 54
11011 63080 45
38282 11927 24
68016 33755 3
3283 3062 75
44447 26797 24
4764 43258 1
12370 69269 14
51595 31016 101
45076 20229 2
37160 66349 122
39007 12903 74
64546 25621 30
38916 24793 45
52518 13035 113
13101 12451 113
18621 45807 22
65028 66075 15
60357 45997 197
38299 38333 3
24202 51147 2
62662 73699 3
44655 39270 21
59305 26877 27
12968 39868 1
35580 62649 27
47999 48626 25
1841 1844 76
17187 8861 67
44389 21591 144
43862 40699 177
28815 62783 7
57514 17552 147
58411 48183 72
61105 18301 65
59305 54564 7
12059 39449 120
11747 33919 2
17332 27107 41
61548 56732 7
24943 71024 7
17812 61981 28
3320 17493 63
39251 62701 10
39428 33412 10
27658 41856 153
27687 52422 10
12059 37490 3
32870 43353 2
68306 31180 7
42183 33734 81
70590 43082 2
37376 48118 2
2517 26281 75
68047 39836 122
64337 19879 39
23436 73531 6
12591 53262 72
22060 54314 124
66267 44708 27
11585 3430 7
53874 30800 1
69084 56727 2
61533 70372 10
49611 50002 3
57912 52276 1
37880 71268 152
55152 30510 7
60785 60786 2
12522 28486 25
20581 23057 193
31142 17060 25
8768 35743 24
44999 52773 2
7681 62844 2
12598 12728 114
18727 58743 1
40107 14590 72
32545 60984 7
23182 69822 114
61995 68619 64
66666 7605 191
27862 17811 7
54268 18269 29
3902 13613 126
65855 28667 14
32548 9954 7
37248 59258 147
5174 35253 77
53928 60710 109
52523 24772 5
54601 12040 27
19370 63378 145
62850 60038 7
55504 10126 15
58852 8528 120
61662 49100 72
18430 50296 2
59232 68572 6
47010 17518 156
54566 58312 6
59255 7199 10
32576 12944 1
43156 3035 28
61309 53656 72
26838 34902 120
5819 5470 18
74417 39308 7
43565 56457 42
66065 61922 72
58956 52744 3
24808 24824 50
64339 66734 33
64947 58296 2
1468 5066 14
15722 39136 3
56279 22958 29
52060 54827 84
13068 24565 116
30602 4750 64
49016 32837 71
56085 51994 73
24043 45269 25
59261 18125 117
43080 54733 145
10179 11771 53
23382 17116 3
17475 5209 60
25941 66879 29
43338 62975 50
28697 61385 112
5181 35307 6
39544 64276 3
68194 1877 10
3591 70947 51
33603 58484 10
48691 3304 10
24467 66584 130
64084 60143 72
15383 39915 114
1269 11929 116
71454 19687 146
20593 35116 3
27137 32716 153
2747 39341 7
36026 62217 33
56416 14724 1
63036 33444 9
6351 73536 2
62278 40793 34
54278 66064 72
1593 1346 26
60731 7967 19
32567 524 72
2261 291 10
64385 54199 7
57548 53879 116
23512 33462 3
48389 47826 14
17350 4952 82
66292 56099 166
17833 19366 21
38041 67173 6
60297 52048 140
69044 10953 63
17045 64242 3
3007 7914 68
26884 52361 33
31758 69311 52
35397 58353 1
63118 66048 2
47384 53394 13
12267 32606 124
28494 70571 21
47074 18134 65
35593 21437 2
55724 62627 7
28686 11029 74
60743 68691 3
52412 36200 116
5431 12525 6
10829 55939 133
35299 24822 6
62984 55148 2
51552 40597 37
51271 24741 33
50685 74858 32
28060 58470 10
71033 70933 2
66368 42139 27
20879 18427 6
52457 53440 32
37712 17510 10
48672 70629 93
51209 14319 24
10602 46163 34
45910 47562 28
3744 28675 54
31598 1933 45
346 10042 112
20317 56632 2
40685 15150 34
51476 52614 7
28648 37449 1
11800 62672 77
31495 64235 3
40053 26509 32
1931 36766 133
39442 14369 2
13539 13597 6
39124 5212 46
59255 59928 151
24514 14177 7
39134 12516 1
17881 51250 120
51168 59103 2
62510 67006 164
61981 39128 52
19970 15809 21
35547 71078 28
46643 35723 2
7478 66220 188
45825 55922 69
47457 1690 91
75294 35752 37
61809 41261 10
33274 67481 96
53249 54335 7
31761 39000 158
1667 56781 3
1587 12380 24
37435 13046 24
53076 58856 2
60310 53464 116
20616 24752 7
71123 45662 38
48368 24965 7
50633 60801 2
58611 39569 71
15149 49250 24
24989 22218 10
46972 51917 3
24509 23128 8
62902 40098 1
34097 27757 143
38698 6116 102
42927 65795 3
43147 39528 32
20788 69053 2
17361 54050 72
9970 32483 117
33466 63110 3
75242 22559 2
21031 68112 120
34854 54274 7
31738 4047 60
33232 44778 16
36352 26739 25
32501 1667 21
57259 5893 183
48611 19974 145
27832 48611 120
75290 69745 101
61930 2781 3
63014 1849 14
43525 69936 15
1968 4755 74
3733 3178 44
3148 31827 45
59307 55952 2
70828 12757 121
69933 47046 37
30629 37795 2
41535 1396 29
59119 64129 2
66272 33755 24
2216 2268 49
60818 70151 10
20774 18489 7
15908 61557 37
53167 54388 32
13093 51657 3
53128 23541 42
30868 18083 37
61743 10493 87
64295 61046 3
4784 6370 7
53892 74230 136
12746 26815 121
55829 63011 2
70858 66387 101
39122 39104 64
71268 72691 7
12388 11642 25
65520 72155 41
60732 36323 28
53999 6956 25
50295 75119 2
64750 62612 10
41014 40970 2
31154 16759 152
28750 10449 3
44286 26710 123
8080 2514 53
28801 26681 6
73031 74666 3
62100 37478 88
65676 33444 2
73414 16237 37
71429 24221 164
55857 28465 7
44578 33905 120
43575 12861 6
71263 57793 120
31283 52130 35
11728 55148 10
27927 12607 30
75132 24845 15
37798 58643 7
49281 47883 26
4769 71166 72
61823 12411 197
35143 69304 49
74565 21913 10
37324 74876 10
70434 54166 1
519 20658 1
32653 61968 3
72975 57044 24
10101 46837 119
60486 20533 37
51702 43023 72