5047
52823 33975 7
37374 59262 119
39026 62011 54
17807 2111 72
68049 46609 25
52515 38509 109
30951 18122 101
22341 39313 7
69782 49368 22
30548 51427 3
35518 61878 7
50869 16765 50
28854 17150 3
20062 27588 3
15809 64634 2
58558 59250 32
66039 42684 39
13850 793 29
27720 41139 72
64182 43519 120
69365 63049 15
25692 52686 122
35298 1799 11
70236 40916 177
21449 30551 2
62312 44869 40
37459 25327 25
68731 26483 123
56501 17810 123
64819 37889 2
55267 4812 2
50782 8026 2
45615 70433 3
42968 68369 1
66558 56267 183
21282 51497 27
1828 59999 72
8951 71255 9
1666 23964 95
32457 56318 129
27051 53361 1
10028 39808 114
13002 39439 114
51595 17406 29
62033 59430 2
23583 17498 67
30930 12039 123
51564 1213 3
14502 45154 27
46964 35264 21
41891 37927 6
41092 31339 24
16557 50564 9
17490 31831 45
1683 19500 10
64344 52173 69
29546 63009 127
62963 58300 10
62006 69661 15
57097 23955 187
35844 64204 2
14269 16169 40
58721 30780 3
58790 46492 72
11923 51835 73
43330 10051 6
71037 14293 10
51181 17409 2
30408 40870 112
72293 11878 3
53654 72097 3
27883 42968 10
71687 64485 2
25494 15245 24
61931 956 7
71496 36082 26
3971 51067 66
70406 58938 122
5095 2678 71
31204 58887 72
36466 28579 25
14513 60946 1
1470 1147 37
69668 69757 7
62323 48245 81
53908 15474 21
74136 7606 98
36340 67717 32
41523 33539 10
14315 27835 29
37505 33594 9
43236 48847 189
51746 27591 84
62101 44894 22
16627 66068 10
47241 58460 25
69833 51477 87
55115 13945 32
6126 57788 91
66067 29013 72
70344 24428 96
12474 61259 14
3272 39488 54
39089 39029 62
68450 12739 3
37457 16191 28
56240 58790 1
70766 70459 32
64423 12045 2
28778 14125 29
22351 47942 17
3270 38955 54
54087 54278 122
12859 10937 7
3797 37796 1
64174 31826 3
28658 28657 60
50377 50000 117
3260 62703 49
44353 57819 88
61355 18309 27
64476 46275 2
24278 66455 114
52445 43584 10
68435 64550 30
62961 47193 14
24823 3219 28
28695 47288 26
692 51919 27
14721 14364 2
43656 49126 72
59028 52678 143
70791 47097 194
26613 30434 120
9996 61156 68
727 12599 1
45485 16864 106
46703 9676 80
2221 61939 1
31611 11644 74
68197 38505 34
24887 28800 24
63118 18390 111
6995 8024 28
15225 34865 106
47424 12483 120
30494 1934 45
60786 30415 2
25683 33070 9
32652 53881 88
20962 56487 2
1740 64472 61
62975 13584 3
35812 58942 7
43575 65603 2
62836 5248 15
56466 43738 22
1308 29168 31
52559 33141 2
2977 60717 1
12739 30786 117
74827 52379 1
12507 47999 118
63338 8760 111
35119 64251 2
37238 32567 2
12627 59356 24
62139 59294 2
4312 40827 6
2846 56787 3
45506 43381 28
17808 33844 7
70386 45341 37
62734 3876 2
2067 12943 77
43400 58897 32
75273 43026 7
40050 31844 9
37034 51752 37
14074 39430 3
55494 33003 3
38295 19423 112
37042 22732 145
49262 15149 24
63373 59255 7
21026 52939 117
58810 32493 123
58578 52510 109
51413 72970 101
47691 46269 25
65903 49315 26
24527 14135 10
71756 64544 111
19343 52056 195
62350 61694 87
47206 12197 2
17635 10097 146
55644 44798 1
44999 70182 117
30849 44473 34
41621 54984 32
54522 35310 30
49261 49253 26
62210 7873 7
13036 29020 7
1683 7619 2
11589 53614 2
50306 59262 2
44667 12614 14
37743 69283 32
5199 2854 60
35278 2839 49
54280 15160 27
5173 3291 64
14502 12968 2
35446 29083 153
25493 19171 32
61548 11856 194
2564 54740 10
45189 2605 37
9840 11210 3
32816 7224 99
45662 21105 39
35819 73448 32
32692 40468 122
16809 38201 51
62231 71328 39
25844 16926 113
30903 51530 22
73621 44722 195
46068 8174 116
49217 31088 36
1832 15905 59
60972 35662 32
44879 27698 33
21796 13034 3
20407 8246 194
67194 17495 7
62542 50820 149
55863 1194 1
35047 60443 197
59340 58838 124
66614 24653 97
6559 6373 94
12529 12665 27
5207 35261 66
17685 49958 29
55131 75211 132
46003 21010 144
27727 67179 6
23283 26444 113
17843 60001 7
52427 1691 10
50517 22229 134
25565 32543 32
12658 25654 124
12050 61568 41
40622 17519 29
1746 56609 50
23232 17811 120
28006 48658 3
35284 54403 28
32605 4760 124
12266 21909 124
56258 62058 38
32923 46033 12
66299 74384 28
52531 72295 2
9661 2496 2
1198 57913 143
1222 15300 153
56535 43173 151
71909 16679 29
8511 43397 114
65771 25098 15
60387 55583 25
19796 59250 32
9836 46951 102
45728 67250 1
59255 26883 124
59277 31272 3
15809 46410 171
47865 32600 25
61047 33116 2
53893 10484 7
24621 69460 177
39266 62495 164
1054 19651 18
55620 41870 1
3760 3245 62
59262 61954 7
58722 39455 195
68437 35758 116
17384 51552 3
62092 53876 122
19382 11811 32
9309 46776 29
64263 12911 1
35424 49481 140
12606 50086 112
27821 68552 1
56379 1120 96
62798 58725 1
61906 55586 7
31396 64420 56
14502 32721 123
1726 35252 51
41348 43022 10
58937 57790 167
28824 53418 135
43032 62612 3
40703 50776 3
51770 24551 120
72164 13965 135
38911 3223 66
45930 31244 3
45016 62064 37
27715 27671 1
41744 65150 2
5182 61988 74
5253 25943 25
41688 26024 3
17455 52421 10
2874 12734 121
15809 52578 101
71948 2284 64
37294 56054 10
62465 48898 190
1667 57855 96
23815 27827 29
66618 2442 7
20439 67964 32
54404 64408 63
51444 20748 144
10097 40706 6
35798 60853 2
43574 64363 51
70994 29144 41
13359 45244 2
20231 68443 113
63109 15225 10
3313 37236 54
33499 75114 133
15363 73585 7
15632 41436 24
61373 71393 7
4759 14502 28
12591 66682 136
64294 17808 112
64343 32988 25
75246 29835 65
22912 40665 145
51131 24866 3
59236 27563 3
67679 22208 132
37067 11322 162
1029 73373 7
62867 539 137
25637 3580 151
28716 38202 28
58491 17097 25
4775 72484 180
27723 36684 2
24776 62695 65
66343 30436 27
28806 54372 2
56796 47216 21
37758 61944 3
55940 59278 2
32788 48842 15
53336 18587 101
37731 4034 49
64267 43145 28
54271 54323 117
62513 11963 3
35130 12102 46
68369 3997 58
59260 54038 10
7366 60508 3
62601 62941 137
17123 17834 21
24687 58938 27
59274 63091 1
11241 53560 133
20329 2650 25
21470 15803 152
3437 3057 57
46788 62151 116
18081 42663 117
3008 64145 101
55109 13101 10
74046 47094 3
33290 58779 32
48159 56246 92
98 22172 27
63030 47800 2
74698 2098 153
956 45183 41
22041 41412 3
14469 57676 14
62316 52555 114
35760 62767 10
24549 14383 96
51159 44552 7
5203 31512 66
56122 25727 107
58965 40140 193
27357 62094 37
26352 44865 22
59670 68000 69
10294 57878 27
75302 69062 152
12243 25662 41
14502 60720 2
44800 27673 192
31447 35211 57
24426 5234 101
62884 31332 2
31331 870 112
22042 40906 145
17275 550 3
13170 23126 27
30747 20201 1
12728 58639 71
24084 15348 10
37468 75178 6
12625 47333 24
62064 52342 25
70305 2163 110
75443 24236 25
16976 12743 24
24216 37709 59
37800 5196 49
30832 61930 32
25527 18570 37
18200 63922 10
32662 64522 7
35769 18489 2
47332 47520 26
62462 35340 72
32469 69261 51
31608 2129 74
4751 63109 6
26838 52520 28
70172 66833 155
33454 46262 3
52833 40091 29
62060 52359 84
51388 61585 10
61892 17809 1
63672 49294 199
68524 65589 28
5364 44854 21
10047 62920 32
27545 45159 16
22500 28414 14
22890 29237 46
35679 25772 37
15809 47024 24
2759 53966 124
38499 39546 36
27516 61894 28
24586 24645 29
43078 59351 2
18276 13627 3
44523 33422 147
72881 35163 51
58576 61671 124
14755 12627 142
8779 61340 10
2483 10986 47
58566 53314 17
14864 38667 28
32882 1557 147
63119 1667 19
28660 30519 64
18489 15399 3
56881 59262 7
65595 64101 29
49058 53678 114
25002 43053 2
27969 37353 130
64543 5785 166
66261 62175 117
2408 50937 77
36631 62791 32
53958 62715 69
30435 23125 124
46419 73835 1
41812 71283 29
12931 4170 62
74463 47839 21
36735 55960 133
2264 39524 10
8182 40883 120
69574 12042 116
17830 48499 27
55577 17719 15
24281 8345 164
62998 9874 3
62450 44278 2
7031 15746 6
64190 50468 10
64146 8872 2
50466 56173 125
70738 46707 21
39470 4225 76
58650 50567 134
48238 59268 117
48658 21880 117
38198 24841 51
30405 61917 1
50391 38740 3
69650 55482 69
54426 24524 2
1741 31816 47
20154 62609 50
27470 17854 6
54573 8367 7
72754 23181 32
75490 62448 10
40172 17978 121
27784 22837 27
560 54478 2
64154 5267 15
17809 26945 151
53258 63111 3
1691 57001 23
12559 69684 32
33765 25937 24
24860 21898 28
59258 62739 124
10248 37293 129
35480 39050 76
45040 12759 129
58085 59005 114
54633 33340 21
72024 46629 3
56902 59276 121
49227 31339 26
62030 56005 167
10599 24526 116
3212 10954 54
59266 59059 3
16726 3 72
3704 39827 11
52588 52579 3
40172 43349 9
32341 1925 1
55560 27980 28
53095 33425 7
1396 2810 28
8642 17501 140
51930 66832 35
39231 16497 10
12038 31651 11
48798 38370 24
25107 72116 24
12438 48961 103
6562 47462 23
17287 15219 10
62035 1442 3
29229 31635 45
34237 70735 10
64105 31265 3
17292 16545 83
27599 51398 17
18139 37381 186
58862 75123 1
11019 73276 75
54234 6369 32
40691 15669 7
27998 59255 3
61677 4727 2
40818 52570 3
17812 72470 7
47854 63588 167
23149 70643 101
20656 74120 101
39474 59275 2
15809 39191 2
44736 50303 92
30266 55931 69
53920 13084 2
46361 27702 19
57255 58249 41
50803 5062 15
64903 55559 22
62736 50179 119
31672 11678 64
62063 6748 22
16414 61967 84
22930 35871 24
53376 25552 7
56476 37569 7
38887 36536 76
61399 39532 40
51609 75088 101
16088 56273 38
73547 23176 31
13005 20249 33
48538 56972 27
24845 60933 10
28989 43585 29
61641 22000 39
24311 48624 33
33296 19361 21
58492 51429 24
45259 26134 7
35593 30566 2
58612 44413 7
48020 66415 164
31882 4245 67
66898 64898 94
29598 53849 121
14428 301 7
32341 52519 2
1943 19154 141
66068 62047 10
27713 27577 17
32546 58873 1
39263 72092 117
40384 39575 6
25671 53140 193
66078 35560 1
16220 39443 3
24918 18005 145
12397 11233 32
59771 68367 136
35191 4034 54
43261 52457 37
30903 57931 186
59236 53888 24
59246 9601 28
53889 72315 15
61778 20957 189
61934 30432 32
74942 38227 37
61455 37942 167
17453 51762 29
58816 33333 123
52750 60778 2
69496 41872 101
55602 71247 2
7036 31331 92
75382 45798 27
2488 2160 64
65281 49217 35
61405 59923 24
19133 52607 2
30618 12648 7
1676 19782 3
12300 69673 131
17582 20450 2
58776 17686 28
29006 49054 1
56010 31116 7
43620 43344 37
13724 51630 35
39460 26491 6
32902 18008 39
30448 37978 7
58990 70926 124
64383 67147 1
18140 25833 122
8005 74957 7
47175 59295 1
56811 59669 136
25572 27821 14
65272 17498 2
956 16225 116
10348 24959 1
35717 35998 171
75278 24621 11
44682 4784 1
46650 1240 25
52332 40621 21
52466 25642 24
2290 61121 128
73654 59275 7
62127 21515 88
58878 24227 25
51551 1007 39
30413 2723 9
43147 4722 32
64399 70303 2
59272 53938 29
12139 52573 7
64134 9901 114
33127 21896 41
72356 65438 21
57043 57202 155
1689 582 22
22094 45654 21
52527 39442 2
12019 29032 6
58243 1772 59
26364 35523 10
60970 14880 6
52786 52290 10
62459 32342 72
33668 33778 165
3098 35263 62
59295 45460 144
43142 868 11
25148 4773 180
35122 67371 76
57287 25937 17
59261 43683 120
3207 3452 76
47157 52539 2
15361 60442 1
8259 11949 22
67356 56342 143
75159 30881 6
58703 43506 24
33199 25227 7
62882 31656 59
46549 59105 10
3386 2440 78
71124 32577 3
20298 55144 25
59310 13597 2
71844 48569 183
73822 4781 2
2874 72765 145
44320 15383 7
31664 17483 45
46720 27688 195
8005 8857 7
38587 56517 189
10805 75284 7
10182 57678 166
51176 71069 147
70031 67431 175
61412 27489 153
37458 14502 116
62233 55533 7
62216 60772 39
38937 64491 61
7696 53200 72
17788 38687 13
62724 72801 2
32832 34034 106
62415 38502 35
67018 14107 6
51909 47847 7
1115 22020 1
67702 18436 117
35285 8209 24
3218 3098 77
10915 33664 60
18087 72987 53
60310 21395 72
31435 4170 66
18334 25934 30
13102 68060 117
32188 31573 133
24344 5397 91
70379 68440 1
63301 32678 199
66791 62139 114
75141 61997 39
64091 66788 120
47349 54411 60
39141 31808 45
61660 1690 2
62030 1128 13
40696 55911 71
11127 56159 27
51626 24587 7
56763 4876 15
25432 73490 120
47384 2420 60
39534 26864 3
35699 32984 32
49886 23164 135
13972 19597 41
53436 19476 3
8941 68853 98
7936 49293 38
61673 31237 29
15314 61405 17
15168 50995 157
56363 26952 10
477 16890 2
57678 24782 185
53523 51750 25
63945 65723 32
5164 5163 75
24652 23339 145
65553 10565 9
8041 71133 1
39616 21762 2
37171 25779 9
61893 27067 3
37246 33469 1
33131 62510 94
75273 21729 3
28524 25660 10
75154 43218 10
50454 56344 168
62009 62785 78
60712 17811 123
257 72697 7
62643 43260 10
62822 18844 3
59261 37975 147
12629 52321 69
63906 32499 194
24066 42192 37
29223 69445 116
61237 41425 10
66737 1694 188
12819 57124 28
37371 23307 195
3560 12953 54
30559 68049 25
54973 56251 148
64272 7981 10
68862 32980 114
4961 24166 91
25130 53852 3
58468 51568 69
4765 24224 10
53338 39317 9
53966 34417 106
60765 52486 114
47139 60088 10
72957 35348 2
59572 53896 116
72050 67738 134
60762 48381 7
26911 58512 69
23736 59245 6
68884 19011 3
43707 17816 25
50342 74258 21
75047 57463 25
64187 17715 10
60786 46313 24
31037 75074 2
9641 44854 113
19182 42102 14
21007 46107 3
52105 25291 72
45279 47128 37
12643 56301 129
52467 38313 112
4773 26894 10
59259 2649 7
56255 5571 168
41540 35838 2
12766 33483 24
69071 69351 2
2019 70828 118
30437 54314 30
8142 66829 189
52417 52417 10
4048 2255 52
10521 59011 10
47635 17779 24
45328 23975 114
75123 45712 22
61861 2396 46
48794 64406 2
25950 61577 112
60786 51868 15
49479 45222 156
52877 42361 22
56920 32791 101
75058 1091 14
36535 74469 25
57586 38798 103
5231 62442 139
19061 27713 2
26258 51159 10
19071 37306 141
62459 11587 1
42578 42178 26
32684 42861 24
69665 39474 1
53967 17818 122
43426 75286 24
35233 51023 62
60709 14641 2
38204 35303 74
72761 33420 10
17819 31225 118
55678 47799 7
72134 27123 37
12653 19296 122
60771 50316 2
40902 64223 10
64258 62061 29
31086 22193 2
1240 49571 99
73088 33391 24
30424 44708 25
11818 58235 89
2558 21998 1
70360 35664 25
40115 50281 3
59255 49162 7
17923 2860 1
61818 64512 1
56519 15834 29
53843 74230 16
64002 60310 144
4765 71101 2
38024 73119 167
61348 20819 24
3732 71605 44
2030 53862 15
56734 38417 15
64517 12338 129
10002 60689 114
62567 68879 67
14450 47198 24
22890 30230 47
41508 73211 32
18576 20413 10
68048 66079 70
68819 62823 14
43147 3178 7
56741 39427 2
74390 63843 152
62752 74218 7
37099 25892 146
24188 66742 1
66532 70692 191
74896 4783 2
10154 19538 108
45587 73860 22
60762 17817 24
27806 46438 21
43994 49039 20
70179 26736 122
35131 2302 52
75450 32760 6
32493 57242 120
8040 8371 120
35841 52478 32
33714 8502 7
61776 14304 5
62038 382 39
69382 61337 1
36426 4490 88
72464 38331 7
21294 10166 73
17399 49200 37
32557 24452 144
60728 31071 114
63509 23015 194
59000 12390 119
67813 62851 7
616 58875 106
18272 20791 124
16357 47664 24
71670 3639 62
55082 55086 1
64463 62018 2
68447 58190 14
28660 71638 74
24355 63029 1
37472 49584 112
7688 59250 122
69910 73835 28
3575 54549 24
60799 59261 114
5151 14773 56
62651 5157 49
30880 41550 21
40003 48760 130
58638 37795 1
64215 49092 145
65393 68595 14
21781 30858 10
8876 6901 98
20184 70247 25
60592 59254 196
2213 21530 53
62030 39506 2
48971 56525 155
19876 67161 25
55859 53841 69
12966 57131 120
55110 64922 3
67154 30443 116
34053 61329 106
59394 26499 121
75184 38201 45
27944 22750 72
39269 47619 27
27687 61929 10
23222 24981 193
50277 48059 26
61448 57511 117
2102 31141 1
38308 74118 37
32716 37921 173
74837 57253 101
32854 72276 3
38808 69286 6
68441 26685 143
47594 17731 21
25287 59259 72
35838 14400 14
31430 3275 66
37279 11520 133
74428 38226 15
43146 27260 10
883 57130 101
18262 75142 164
27552 67177 7
59259 21333 10
25723 56862 25
45537 27741 32
60787 9705 24
46239 5648 1
69165 55452 68
18292 59336 3
37251 21855 72
68259 27693 114
12587 25755 37
54533 37413 30
59026 53180 195
35652 38346 24
15150 20702 39
44577 15701 21
62586 69667 50
12370 64349 6
60504 6388 10
55045 7777 2
43575 40747 3
43623 23237 114
32511 58604 136
72057 73515 63
61505 4155 120
43095 45886 72
46506 20562 16
52262 55548 7
63016 75028 15
38321 28595 15
16554 39830 3
51970 62060 21
29500 34388 124
9449 37748 44
56372 61249 38
17809 58524 69
70890 48482 3
32660 25608 30
55098 48183 162
16962 58504 72
47125 17553 26
67074 2333 74
39438 31980 133
12774 33442 113
36647 30913 26
72571 28503 1
62060 56334 168
1192 14348 120
67998 63580 2
71472 4796 113
2650 57143 194
51948 58807 72
58745 30905 195
19784 48586 13
7953 25569 24
6932 1029 88
54309 52204 3
57493 8718 114
35777 41006 2
49769 43423 97
55876 55767 1
53477 21617 37
16207 3 7
12560 52455 112
54134 4916 1
28038 12764 1
56033 3 1
48978 66422 187
25344 32694 2
31516 3365 66
64304 31521 114
59615 15809 171
2525 26396 37
68289 2691 145
43588 71230 3
70675 61441 37
62064 51323 25
24129 36672 124
36616 64245 1
35140 51049 63
10048 72096 117
59350 33137 112
18200 59246 113
30874 32768 27
1027 30995 2
52468 68211 2
38429 9824 102
54084 4769 180
19625 62333 145
21471 61831 145
54562 17236 24
23221 26771 7
56631 43487 2
49805 12354 112
43311 62889 2
30937 15238 102
29232 43424 2
30630 12527 127
62718 62299 39
64588 55436 26
52344 59234 1
64225 24800 2
50654 17495 3
31049 47097 15
61101 51606 29
2928 50007 37
60943 22987 1
92 38842 14
74761 72819 42
32643 30918 9
32392 34096 72
15153 51794 72
20219 74536 29
62034 34982 9
46832 62090 29
27614 25494 24
45592 56805 120
33014 52506 108
49152 38247 37
2658 34286 71
61615 4711 40
58527 58931 167
10605 43209 3
13111 68459 30
12023 47815 25
66064 39647 10
49037 33327 21
43256 5637 151
45108 21694 23
72000 10518 129
41540 41421 15
29246 75173 14
10334 19252 129
71266 61404 124
1919 37805 47
17818 65312 37
2070 59201 10
17964 49127 101
26797 50321 2
22979 70439 114
71499 13608 91
55459 16054 24
61891 28456 29
40253 75273 1
64422 37563 172
58741 38845 2
56451 14398 15
15945 12754 7
27643 72158 3
31174 52607 112
69702 46726 193
38897 2492 63
47494 28504 23
38719 59260 41
64347 64139 114
55441 70464 15
70305 24375 136
4942 63118 129
53705 64191 6
73870 5240 37
21846 38771 27
54770 16482 7
33429 64343 3
26028 31522 122
35196 63060 46
56480 67552 185
73305 44687 37
14502 36457 26
58905 60708 28
32660 10080 6
28477 41952 1
66075 41880 10
4779 20950 143
52877 59254 7
53391 36177 25
61917 16575 1
19198 61067 73
67797 66468 136
52334 71782 25
35820 41694 2
57795 52194 25
28193 74071 117
63034 18529 1
27194 24682 25
15245 35817 10
33420 30150 115
38533 22377 25
41465 997 2
62862 41951 2
3263 62632 60
74947 68039 29
31332 49117 37
19446 28549 69
74439 28066 7
33414 73476 51
38206 31835 51
313 75105 29
1691 54062 183
27710 50377 33
2200 38878 75
38777 37395 32
9809 12693 32
2932 31546 144
55642 25236 14
28069 52004 10
27100 33010 3
50318 49311 21
47478 58379 17
61722 24265 7
23382 55130 10
58525 52507 109
19848 16495 2
2396 19425 192
2240 3289 43
61483 43375 5
64112 15136 72
37704 38064 53
57021 60801 2
69083 27748 143
62063 70001 175
62516 73044 50
28545 43397 2
50716 39411 3
3986 9151 126
31149 24398 25
24573 69081 29
54111 4771 30
18735 15362 7
35146 2271 46
17880 43226 146
30894 37414 10
73824 8449 2
56093 15143 1
68755 20329 3
2643 31490 158
39034 2284 54
54067 58558 10
44955 55621 1
17510 15351 6
17880 25015 37
427 53854 10
47060 20138 22
23163 10134 143
65913 17849 37
28089 49789 14
67338 45235 53
75293 17749 24
4730 29815 51
9803 38357 10
72733 47150 17
72352 17727 80
6357 43182 113
74464 5233 21
58868 37466 1
38643 33040 2
44853 62064 166
30874 31008 104
3387 34178 7
60808 20586 72
2489 28709 74
18193 4781 118
20845 71062 1
32832 59326 2
32789 24334 163
60098 22005 37
4745 62636 28
55408 61397 24
38418 56210 97
38432 65298 39
61459 27736 153
74900 39035 24
62105 20232 88
58906 24948 28
35299 4115 56
11552 976 3
47037 65079 24
55831 26388 1
59265 54045 124
22326 9973 129
31590 33419 67
24686 58493 183
8343 64233 112
15758 43582 2
72072 67724 133
18278 62476 164
3201 17484 64
17816 9670 7
30435 26823 117
62992 62459 3
17200 31296 6
4426 65655 14
62424 52315 85
58796 39322 7
1971 66162 123
62169 11230 3
20166 74467 110
58912 28800 10
37783 31669 49
29101 47817 147
62404 24965 122
36035 8796 27
3546 2277 24
29079 31226 12
30428 60807 120
62027 53058 1
38155 8247 153
27317 62044 25
17829 59255 117
28582 60310 41
27472 43115 1
28490 30680 1
31717 35820 10
50386 73940 3
2400 43561 50
32504 27741 72
3178 22750 10
57310 68843 37
64287 48754 117
8996 31920 133
64256 54540 108
46079 45870 40
8005 64047 1
4157 5239 124
62788 3284 49
71152 27619 152
75426 33061 25
70527 59259 3
42669 10641 14
37429 12728 69
58462 34130 69
39837 2787 10
74761 3224 67
25172 60727 119
24697 58182 96
62847 51474 3
74592 74299 29
72979 23313 1
39151 75217 132
47035 4889 36
2161 2513 57
12522 59992 3
16963 37294 32
44587 27338 7
43668 5238 37
74114 18361 29
58719 28736 147
10264 71350 102
1827 3197 66
11441 71771 3
50028 18246 117
22319 74766 185
43156 51535 177
60574 38864 79
27855 30567 3
25340 4773 2
55944 11228 162
11974 73729 1
12449 58848 72
57367 8044 114
28481 21412 72
26967 33360 14
17758 67154 10
28674 4066 57
46315 63119 19
62848 55968 14
62247 18489 2
64971 1717 3
14654 45485 10
32744 23978 120
49018 43594 90
70434 27485 124
50986 4047 77
58932 48073 3
1840 12863 75
31603 2244 61
62003 2155 64
30341 40657 27
61322 60139 32
4084 72292 54
44297 70790 123
2320 2319 62
17520 33056 183
15018 72829 32
12525 11964 10
12369 50294 124
62443 52823 72
23967 56796 130
73079 67714 130
72577 24033 7
72970 49206 120
49234 1510 24
71469 58755 136
24944 75170 2
34227 9784 7
64248 71242 14
22364 75257 2
58939 57844 10
59642 25322 117
63040 3167 47
63875 5267 38
35671 24196 120
12133 17471 77
28150 14351 29
13609 61667 11
28820 71392 7
40687 9901 15
6364 15219 130
17676 70891 116
3400 51086 50
37783 24843 50
24885 45590 14
41027 62061 26
14502 25650 28
58826 25518 194
22734 41735 1
7508 8307 95
15809 64882 29
1676 75255 10
31572 64327 3
6292 45420 21
4814 55474 22
31044 74864 146
17922 18101 114
33321 70058 90
67295 40612 22
62085 51536 27
57776 29202 189
33586 64228 2
47645 75084 41
28860 58888 1
15508 17811 3
43293 38209 112
35577 70614 154
12423 51713 7
54890 12896 145
32208 25226 3
9969 71778 27
53905 38607 29
51448 8246 84
33157 52810 10
37856 23209 153
23951 3028 189
16491 64505 53
55124 27390 122
50222 1689 23
55788 58969 1
17483 3616 45
33113 75296 9
26730 38810 189
12322 73078 114
64259 27538 29
12024 24712 1
38728 73031 30
62936 67954 32
18392 64228 30
41625 69213 152
55077 8738 9
24566 22158 119
22532 66433 146
38695 56701 102
22234 11964 7
70933 53244 7
24771 5414 164
24792 30429 7
27233 31122 27
1825 2067 76
22127 46178 25
13019 20349 32
58760 32579 194
14055 36204 101
73469 58425 153
39154 51579 14
60038 67227 1
53978 12121 1
52406 53880 29
5178 35280 78
5159 50762 62
66275 5045 83
71038 3654 62
32578 26211 144
27563 49967 7
62666 43060 7
35611 35209 77
61949 27558 7
16354 41105 7
61901 35736 42
73542 61672 3
17442 51394 10
17811 58816 1
70928 19433 114
57763 30845 21
35704 51732 72
32396 75148 50
2026 4156 15
17473 62847 45
65429 43514 15
59994 70828 114
66326 43263 28
62919 301 3
38966 2736 66
38354 58941 28
64546 9790 116
46706 69972 27
39080 37361 47
31519 28709 56
52145 11930 24
46749 40251 114
15974 53737 1
16481 55939 2
49283 45787 35
62634 39138 70
18489 70222 2
53349 75440 21
1413 46857 144
52626 52610 4
38491 15043 101
66391 31201 37
31251 12490 124
1507 1677 7
62061 7096 22
57712 672 148
12938 38206 62
54694 75305 3
55776 64391 2
13403 63418 3
56708 38665 102
68964 73550 69
31515 64396 56
33202 69827 130
1902 17472 28
7190 24020 96
62767 1737 10
62221 74465 36
1707 68880 46
35200 61989 76
9707 54278 121
49464 28861 171
24292 53368 93
32732 52226 2
59310 14877 6
74763 17300 3
2985 39484 76
48396 59302 7
39298 63003 10
30822 52581 2
31197 39430 146
73669 3069 69
70674 42924 14
3461 2409 75
40144 38944 59
69488 62618 2
43853 63842 1
67077 57020 101
51690 71089 1
14377 70749 1
68427 32962 101
13031 58347 2
27687 67126 10
68469 17830 117
10346 10164 1
67319 69746 23
22697 48254 1
70281 56339 72
18517 15618 6
36487 58376 124
39263 64795 7
47763 30915 195
53906 3495 15
41888 61879 153
35255 12822 74
2335 37250 7
60778 70361 21
75176 13422 7
25575 54483 29
40761 64109 3
54705 39843 1
30849 41113 24
9086 39132 126
37805 24056 120
25571 55100 1
63114 30883 19
3272 2782 66
68369 62451 50
65475 70733 3
12459 27134 122
41000 43575 3
14573 31938 1
24819 71781 60
25019 16459 27
64101 70229 1
5218 64510 29
59346 68239 124
16312 21068 1
60768 31222 15
1292 55936 72
17556 14225 72
38280 74115 24
11589 32487 1
68131 26646 7
44877 53411 22
58787 17214 24
15808 8005 41
75219 59140 2
60362 10001 37
50308 16497 3
56649 53613 123
33416 44882 1
74096 43142 120
13186 69445 24
10287 39271 30
58855 27588 3
18346 37576 121
68302 58983 1
1326 73478 114
69471 67715 140
17307 60485 1
477 23741 50
33543 71032 3
11640 49239 38
41756 43707 114
30776 26565 112
74920 28643 2
54334 44608 41
57036 46406 14
15357 57357 72
73319 43463 2
17807 74883 68
46651 1024 16
43359 56451 7
56770 26558 25
71260 61126 124
32418 11977 32
16046 32716 2
14172 67729 14
45334 58128 15
70818 46656 194
11930 35950 171
3107 72987 62
46521 43735 29
40126 52582 114
30988 61093 7
19202 60770 14
58110 52203 72
23669 1724 50
70452 52477 7
15149 23133 32
66592 66929 23
51765 12445 22
65247 30443 28
50104 53862 171
2898 64154 10
11441 17464 3
72008 12268 30
3252 37404 7
13060 67304 24
64498 43204 116
17818 59385 124
22973 14569 28
2634 74756 144
1689 57049 96
33760 33799 168
5821 60343 1
63018 12864 56
8212 17989 116
56019 33178 93
16143 75119 3
10286 56125 38
63010 52973 2
65749 55144 32
66803 66693 187
59085 2977 72
71758 70842 3
54213 20959 3
31699 31658 44
40076 17824 121
15048 59260 120
1694 22124 190
58919 58984 119
75108 27765 1
16919 17514 38
16378 54193 7
55592 61419 24
64509 19197 1
18186 9808 140
1093 1340 37
24698 17917 163
6858 57374 41
61362 58365 32
12160 68025 2
17727 23414 101
15015 61848 2
14706 38273 24
17386 70687 21
13353 43383 2
22483 69465 25
1024 45597 80
26235 41633 30
35294 24839 62
59255 43461 114
69937 12708 1
49574 59077 27
62586 62842 46
33372 38760 91
71114 32590 3
72961 18515 156
9953 59289 112
13966 25045 124
64120 18841 10
64257 32556 1
31630 55135 65
26012 7227 136
13032 63440 194
12016 59144 10
1676 66904 22
70237 48914 37
9677 64569 129
44870 72313 3
2134 8578 24
37466 47873 2
63907 43721 132
24907 37401 10
26734 42579 24
64546 2502 2
35643 128 5
65294 32112 133
26260 39884 72
31412 49139 46
62253 18136 25
55113 73017 162
16961 8708 124
50552 20043 3
36038 5862 27
30574 43293 3
10309 47060 27
59975 25828 7
26459 12283 10
62454 8205 2
16460 23823 2
53092 52478 10
25783 71103 2
31365 74555 124
53348 24008 25
71226 17045 132
59260 24181 124
20442 28802 6
48707 8235 22
6657 55087 3
56144 66449 183
21040 43116 146
4159 49805 121
60235 8698 197
11688 22374 143
60958 70775 69
62174 24487 117
43575 52190 72
38324 66343 37
67782 31831 3
52779 33013 3
26616 67914 29
26088 59260 24
2149 51435 120
17746 36188 24
60783 70993 24
61972 43108 83
24562 66554 22
13121 73989 7
72973 26744 37
59262 47094 72
63034 62034 2
22346 6650 92
16252 51292 26
54299 72927 7
40742 32487 32
66106 64305 2
39144 21731 173
28925 27501 12
64141 27627 147
24200 66761 120
24373 18426 114
33461 5434 3
5256 64169 14
26751 16294 171
37596 52903 7
32320 32321 28
8271 6004 99
28492 24705 28
52990 75056 72
62261 31280 25
58986 54427 2
62639 17765 29
64095 17979 10
53881 30613 2
64475 64284 120
69264 57535 120
72945 28022 37
15620 47815 6
59315 43660 120
33277 48801 100
55620 22857 1
62310 15809 39
28810 12542 27
55525 39981 147
6023 50272 97
31334 45986 31
69753 62044 166
61701 44890 130
9843 63717 6
60794 18143 24
4050 35224 28
58482 30567 7
18343 16461 27
31584 1966 78
56819 54297 121
32374 58319 2
75164 43663 37
75065 49253 32
56647 62338 36
54435 59250 111
66019 29165 15
39072 24802 78
48632 64876 14
52956 33405 29
22365 37819 27
15530 42012 29
58766 70103 24
35556 51157 1
4777 20993 3
32328 51174 72
59997 71582 29
32584 25729 119
51617 1676 21
39383 30823 2
18546 41429 24
25587 48113 117
47889 48489 37
27929 50312 3
38197 16825 51
53424 64137 2
52627 53863 8
12031 25740 120
36658 24490 116
64389 1760 128
52510 18254 115
62451 37798 10
69192 52544 7
5437 2034 3
71476 50393 23
1569 35630 9
39437 1318 12
32489 59282 10
70316 10208 117
31807 27007 72
27671 64504 119
25494 50346 2
60783 4735 24
32664 5685 2
24016 43541 9
52891 42943 1
54102 45808 25
16113 36353 171
22117 6411 3
32610 62991 6
12037 49211 3
41597 14382 1
25889 21605 14
53293 41093 2
4760 37471 7
38360 38223 30
38771 52312 25
33714 54248 7
5200 19271 28
64293 8497 112
55404 41475 21
1029 30783 1
70125 48649 93
11641 33046 183
51399 17811 14
44650 7698 120
25142 40792 116
5203 31759 74
10579 70387 7
26567 62767 3
28364 53048 15
53530 66300 22
2110 19875 37
69476 18346 120
74299 12313 113
36637 39856 26
50681 75299 2
49271 16690 122
8249 65802 15
1141 34160 146
31630 3569 51
32583 26125 144
35424 38248 117
63083 62520 46
1086 18460 26
616 52346 86
75278 2122 72
22487 67188 72
44280 61501 101
27996 74598 145
20344 39242 2
72953 24678 7
35761 52440 32
36049 72650 3
33226 51389 29
45767 64993 15
37401 63410 32
15432 59254 37
9348 4242 57
54270 72001 117
15111 20466 192
35298 67344 66
50297 24866 16
20177 23141 7
74076 54291 10
28132 50540 72
8066 61885 130
66068 35144 1
18335 32853 25
35995 46236 24
46510 73535 135
23451 23488 150
27473 54822 145
43010 27692 2
67810 37376 32
32669 17815 25
73483 48774 93
60802 37649 10
63056 17478 65
74696 17805 7
38789 24682 189
59254 38240 113
50359 69092 25
24739 34161 20
7364 27335 25
27755 62709 194
46242 54280 117
36325 58148 3
62019 32293 133
62677 44313 10
37662 72727 1
892 75105 29
50464 67162 6
64129 71190 1
62264 47696 39
13611 56542 91
13061 20460 117
61314 45700 40
73090 66070 114
23825 33515 3
64564 51224 3
18518 64708 0
24147 18839 3
47846 55728 1
54122 26594 122
35120 11031 62
3068 68858 101
65843 13250 6
50369 12612 30
54702 15143 105
66081 62279 10
159 43391 2
9664 46067 122
52670 70477 145
44676 59700 197
62018 57581 9
69323 64257 27
33628 16485 72
26331 35659 192
22739 47143 37
43669 15384 10
17792 43200 10
35265 64356 66
62643 7699 70
27510 61857 56
51168 71100 15
64121 41075 7
73970 22691 102
33827 4114 9
59250 19939 72
30808 46758 37
22694 11029 15
58479 33445 1
52463 53134 10
53002 30817 6
25609 12446 122
23002 18974 10
59319 70828 2
63182 64505 152
51531 19609 7
26348 72964 3
28744 15701 8
108 43141 144
24515 22929 7
40835 45242 140
11629 24360 29
1687 22828 27
4697 44866 35
30961 30512 1
45842 24550 3
61247 22294 72
38009 46990 37
62751 55958 1
51563 58574 3
64198 62331 8
57346 21548 7
38432 10122 6
2488 35595 57
21623 51878 86
68059 24075 155
4764 56802 180
47490 10049 36
43681 43734 119
39000 1957 64
1425 60802 120
69261 31768 74
13153 21067 114
74067 56038 38
64379 826 2
27947 16597 122
37401 68503 72
70128 68727 104
59990 46464 10
53593 55098 3
45637 40838 71
62298 38517 24
74753 28482 184
54548 64354 2
43771 29076 71
1798 39453 46
49595 49170 12
46302 73535 27
75201 54662 145
71355 31099 29
25936 69340 10
17810 64922 14
10512 1094 15
52748 60731 6
51591 53662 3
33429 2466 2
8576 56257 42
51146 2997 32
50123 50277 27
52739 17006 121
74258 39275 21
59343 56823 121
26536 63144 132
1695 31590 42
64271 5655 122
56675 60786 2
63830 50792 1
4633 3139 3
70274 4890 37
32497 39462 32
31125 38080 153
15809 43213 116
32590 43128 72
8293 48609 21
71793 15598 98
10084 38181 120
14979 71184 15
18539 36558 25
47049 15781 26
60382 27413 37
55497 56157 143
19729 51688 121
63088 51407 24
61405 52970 0
57260 49072 6
75080 587 27
51168 59103 2
50340 38618 24
2881 49118 10
32446 58195 37
22926 5250 7
59355 26442 2
9658 54286 111
74818 59059 38
26630 1035 2
71600 37242 48
73150 8286 122
55066 59042 1
21578 61677 15
51591 21128 35
71392 60992 1
51891 75430 101
18406 57692 184
44291 53429 123
21609 17610 17
12536 8391 27
59259 19679 140
70784 70635 1
956 15809 113
51153 13149 106
64209 12366 41
61602 24313 25
66248 60716 101
37251 55145 7
19744 68049 113
54086 60382 122
28707 3013 54
67221 40619 116
8005 64171 10
52558 32320 28
72675 2790 30
31454 26750 122
10053 67823 113
55936 74717 8
13134 66823 15
73664 56335 143
62327 75157 17
43720 13539 83
54954 63871 105
9329 33522 3
68872 59730 21
45262 36723 37
26869 36438 118
26941 58408 124
12923 37123 106
52513 15655 30
40031 63030 2
59250 40781 122
6391 57128 97
27589 2261 3
2216 32568 59
71686 31621 56
56862 57571 130
26008 64122 32
13274 13226 6
46545 15809 25
8549 66503 136
36627 52741 24
5181 2489 56
13609 2169 126
68866 24606 91
17458 61992 15
52224 21252 145
66956 25941 16
62789 71123 19
43423 22778 129
52755 68287 7
70466 50588 145
58477 55649 71
49115 51608 33
48769 27824 1
71080 2085 10
41897 62420 120
24923 31332 24
64570 63710 1
62674 4779 7
39544 21112 1
56808 21720 25
63685 10033 132
30380 31826 79
12590 14559 28
55961 71197 3
976 65211 14
47827 24958 24
43219 3917 11
3775 1747 56
61707 24783 1
71208 24006 101
1434 53127 7
70532 46432 143
54335 28428 25
21521 74574 147
46593 68047 3
3386 52218 10
8381 21382 14
65041 35816 123
22292 54426 3
61610 44603 24
51274 49191 33
12877 62791 10
17495 68875 2
64240 31591 1
7434 1676 166
37374 28280 15
18275 59060 1
31016 45900 18
8641 23394 72
28988 20418 151
58582 56978 189
24155 10890 1
72280 13096 10
68875 48604 94
4781 62916 45
54083 32559 144
54039 71068 29
15809 24711 25
6388 35376 153
16862 69772 152
73660 44442 13
58746 41910 152
60768 60788 25
47616 14489 24
45717 57438 32
38206 3211 74
18358 61880 57
28992 51161 130
11738 4061 52
3296 51302 87
19028 17446 3
41918 14060 138
35200 75166 74
39575 43575 72
61595 69666 113
1801 62782 60
39164 15402 2
57034 33049 130
56709 956 15
25340 39276 27
62493 63472 10
15809 56840 25
37379 61911 3
67918 59342 6
15243 56446 42
56195 13636 166
49805 9891 7
67874 54292 29
45788 71263 147
19651 49200 105
26472 13068 124
60040 59261 196
15131 68565 88
39033 52408 35
65993 24757 2
70246 38631 101
37446 14396 3
64304 15566 3
51418 46604 21
49203 45716 34
69266 17858 101
63684 60445 42
70042 8937 125
51579 43144 177
8425 65618 15
38838 45226 194
60784 39976 2
1887 32341 48
70535 67754 68
75160 61781 10
39805 13185 25
8850 59251 117
2885 12446 68
39430 2361 46
28507 59225 3
56270 25661 2
12428 60505 140
18066 26764 7
30866 9788 117
30885 53947 9
58415 64309 136
48439 54290 24
58454 27625 152
10178 63137 153
44523 62140 139
26306 39280 1
2450 2401 59
64153 12533 120
10849 62712 60
2291 1780 56
9977 73688 27
43199 70796 151
62998 1679 3
71110 58371 71
49888 67463 156
2485 39101 74
62809 53358 88
41873 12918 2
72000 5331 92
45424 45494 21
52067 61296 86
10247 40739 25
1832 38982 55
12965 13060 24
25740 40829 29
63118 48468 9
44807 39944 130
38680 49388 26
4771 56592 3
26587 27911 25
52952 5485 169
41442 10661 37
59301 64011 6
62960 28994 6
74853 53131 7
5109 26317 3
53840 8768 16
45025 51460 102
27711 34495 119
64071 70570 7
50800 23800 149
17466 60791 24
31004 63037 15
4165 31576 45
38712 67308 156
62640 41500 10
57027 56904 25
73532 50315 2
71009 55538 69
68290 12375 1
45985 59262 37
71400 50552 134
25135 59563 197
24360 28446 32
5192 2474 76
65820 53640 29
24961 17601 1
29907 10963 47
55093 50647 3
24818 17110 29
41733 59300 24
61536 72202 29
22610 33419 72
24488 60793 24
40856 43408 3
291 39334 7
64122 15103 3
17811 21583 3
35344 32738 153
35904 10015 26
51692 62373 86
17378 42972 1
62074 51339 18
9255 23872 50
37070 4781 3
40619 35984 27
32672 7872 24
42215 69992 14
2841 75211 10
37700 13091 142
19190 29956 10
54631 21010 57
55436 16911 30
51250 62176 37
1941 3654 47
20835 57700 144
25031 24938 117
57797 7565 94
53889 12341 16
51424 28257 21
61319 17808 113
12979 59242 24
2959 72484 1
23420 38040 72
73114 19 24
31826 2501 58
17156 62480 3
54319 61886 117
44449 8560 10
16089 70432 123
50390 700 2
55957 10449 3
8461 35508 3
67398 71667 28
46986 37719 3
1747 61870 74
40962 35706 2
32426 28492 65
61024 36198 71
66654 8014 95
2231 29240 52
1690 21781 189
17897 49796 120
2721 33792 7
54312 13153 10
70756 17816 7
73939 17525 2
20582 72420 148
4251 2421 62
69463 33445 19
12030 5015 112
13238 41041 3
56884 7601 13
60798 66050 2
8237 63605 10
27653 56414 38
59260 16265 135
36434 8775 25
18408 7130 110
14502 65395 116
71227 50691 72
10398 64382 47
25774 12212 140
61799 54549 3
44600 15349 194
32595 65028 7
108 17676 28
30970 54382 2
29079 350 6
12593 59588 124
12779 67812 115
12429 45112 14
26679 40846 28
49906 63565 15
43137 64565 124
35838 1535 29
71247 25135 3
4769 54121 120
5842 9868 22
49066 58443 72
31793 30430 10
63194 62241 17
33242 8627 24
23154 44394 15
71022 70827 28
13597 62035 2
64193 39486 2
54306 16920 112
40189 44637 1
49768 37472 14
70798 39275 28
27534 1968 63
19791 15174 7
57352 45731 190
12926 55939 7
37403 36751 7
17683 28832 6
46919 39265 37
74067 54950 1
51468 67564 37
70256 17349 6
5146 35255 28
21501 75107 15
61306 26260 28
61404 67767 10
69554 70970 1
9851 41218 152
44551 62457 7
23249 62738 2
60794 14065 22
9763 225 2
36901 42909 130
62707 68236 117
7265 58345 6
15448 61891 7
13609 37313 126
39438 12549 144
62060 10033 166
24780 30875 189
38277 67123 2
51574 2011 24
21488 13614 126
50403 31778 50
32512 54246 120
73666 58181 122
38725 4784 37
25416 32463 1
17458 43346 120
38034 32542 153
48091 52464 24
14502 45995 37
17828 64201 25
28893 28909 29
35071 17812 116
64495 13967 7
62308 52235 16
57665 12503 10
33015 62035 25
60720 64991 29
63338 68138 3
17815 2584 2
12590 59306 124
45712 56080 17
67319 47460 136
49967 62464 67
24858 33183 2
30006 40956 27
36683 17695 26
55952 73308 2
63135 27558 2
55901 61478 114
68247 37024 10
64035 41106 6
27242 24770 3
44796 46513 34
48837 64504 120
22273 4976 16
44488 70432 17
8148 61719 114
67454 66788 124
8445 52472 37
60310 51224 28
72324 18301 30
169 35517 3
19185 74246 182
49476 33213 95
2505 61978 62
62511 56958 29
35267 47327 54
2455 37700 78
3261 3252 63
62510 56508 185
62064 74305 24
66678 18519 3
45112 62054 6
75297 35753 123
39706 49184 3
72198 49771 29
14679 52608 2
41088 21837 3
30001 4236 64
53332 66642 37
64153 50358 112
57676 51455 117
12592 31114 185
71072 62454 2
64228 37754 3
25803 28486 112
66781 25788 32
22531 22726 14
19126 69162 133
2049 64494 140
63633 29143 132
56347 40654 143
73443 15142 10
2937 64564 124
12556 62061 24
38392 9649 3
35966 38342 117
37304 39000 51
32698 51973 101
39821 46288 18
56097 18125 184
59783 42915 3
52743 57003 2
59863 44149 134
66081 14893 7
24893 41832 1
44443 53272 117
4889 52181 21
35874 49007 25
61559 24426 6
24824 49049 50
52624 46227 39
65999 43710 40
17585 51941 122
12766 60010 197
44804 22247 10
32948 15178 29
59049 4781 143
73044 24829 2
62422 14470 40
12562 61769 124
41422 51238 32
1007 61452 29
26739 46540 112
59220 64217 8
17676 27781 32
64849 38283 156
30244 30582 157
62207 38368 40
26022 72817 6
48740 23417 90
50269 52673 68
24052 52004 106
62028 69503 24
3748 28926 57
38470 75069 114
14502 45456 171
47985 55441 22
59260 59860 118
27851 71031 1
70049 10267 155
71191 48952 84
64355 28664 66
37201 1944 7
65836 52004 3
56038 32574 129
1240 24435 183
62216 4441 24
28367 38885 59
53606 37294 1
42739 74252 138
7939 63118 19
18432 24708 7
17864 18404 114
52454 13034 7
9334 31428 62
56350 30828 97
68993 12916 193
31569 15153 1
4773 62752 3
50810 8268 63
12042 17953 124
53841 62101 10
9656 59259 7
37449 18502 2
5660 38837 95
65915 25811 14
25655 71266 101
26968 10853 1
60790 10210 117
29224 24793 45
61264 17463 3
22768 27098 117
69400 58930 193
67613 54609 108
15191 57083 37
26511 66250 28
72986 28681 62
27318 56654 146
6106 30904 184
39425 64625 28
53026 32368 7
48761 21796 25
26624 11586 10
48810 24312 94
5123 17312 3
3 8005 172
59865 41735 29
3268 4196 28
62027 43054 2
41722 43307 2
55152 52561 2
1979 3219 52
72887 26032 118
13212 59686 29
19997 66567 28
55537 53041 15
27067 13201 8
61365 46381 28
70231 8226 120
33090 24626 123
42132 61995 29
10360 47516 102
62946 17792 10
66741 61568 10
37401 62455 7
73446 63722 43
61509 47858 14
53496 59857 17
58939 73266 52
29226 38924 52
56032 31440 124
24768 24854 50
60792 61999 15
46722 39513 102
43995 54149 134
11606 56213 7
21361 8439 21
22716 44498 40
12172 74777 15
14642 41756 103
71369 62029 24
21428 52099 139
15204 16893 194
46284 39280 34
44939 68811 1
12304 21992 112
50341 27829 2
38191 20089 144
20691 24549 72
16690 56952 187
52461 8362 122
15809 70827 37
39051 62762 49
74361 47720 159
58835 74327 27
13553 25480 9
349 40601 3
13036 27687 10
51495 30947 139
51431 2387 84
22691 60497 21
63118 37934 173
75371 60728 27
19543 58941 111
46052 24377 21
60138 33471 114
11572 9868 6
30967 30860 104
38050 54212 1
64380 24790 2
24081 38621 92
1133 29011 12
56076 46255 13
47690 28345 40
9847 39335 30
32716 10294 152
17464 56758 123
5523 23233 189
11001 3464 11
22100 49257 15
47304 64539 27
17526 70647 18
2089 3918 50
61957 52465 112
37376 50418 1
22298 69717 10
47401 20517 22
62378 1616 39
49128 58400 71
4184 33412 67
37845 73531 173
67797 27754 143
15601 2156 37
12233 14383 136
39267 57071 10
69960 8801 22
27211 50278 121
41323 51155 72
36074 15715 116
46152 48135 104
64309 52672 2
48403 40732 140
15201 5201 65
17049 61924 1
39820 73359 29
9663 66272 101
50292 11233 1
60654 52251 33
4751 68571 57
15809 35727 24
53128 24657 168
41205 69658 28
28845 28514 1
68550 68486 72
58908 47944 24
45951 4619 37
53801 18898 3
8433 38584 108
48016 24890 14
39858 25985 114
24978 47832 24
36585 21558 106
40619 64784 14
58917 2545 193
58306 61365 6
48731 33152 155
64380 18432 2
72614 3392 60
23649 72071 46
72530 36619 26
45681 49010 27
60438 69668 7
35260 3471 28
27678 46344 153
16202 66837 120
38613 12607 151
47651 67319 163
2410 4279 44
15980 39270 28
31779 11821 44
25450 60171 143
303 75120 25
15809 59382 171
56474 19063 7
38265 62083 139
18237 18432 7
62806 30885 6
24973 32878 24
45692 28066 72
42263 38312 21
3390 66081 1
60817 52546 10
53592 49197 22
23659 62537 150
69804 43349 2
60731 19949 38
70827 10152 112
38271 8867 8
28631 29063 29
40149 69317 9
8284 63643 1
28149 24329 1
37168 40240 114
38373 9979 6
51927 62810 1
56721 48658 123
30146 73448 47
74473 53893 4
3912 2540 62
35157 31627 48
60185 64565 196
51862 60310 10
19670 70212 145
64112 13938 32
62409 33646 165
15808 8247 123
49046 51670 30
33432 17947 142
12354 40874 121
36105 54120 171
63010 45248 15
55647 4762 3
18131 52830 122
19984 41777 178
39119 13611 126
103 72513 39
68018 41386 10
39805 71756 1
13120 2919 101
67163 11699 3
62670 33616 10
21355 2751 1
62431 28809 2
37656 33024 130
72415 28469 10
16881 24612 15
74727 54473 10
24973 65921 3
49805 8840 30
72619 44769 101
56868 74786 29
12923 38868 52
73595 64082 132
68820 11645 1
63938 1676 166
18380 15336 185
23798 72295 67
38507 33511 3
29230 39134 45
19496 67122 33
63786 19087 6
68665 31644 45
56292 24943 37
55592 27558 24
61990 61791 14
19603 39266 145
194 51267 51
60784 43578 2
20247 1115 26
69264 62466 20
24812 1630 50
26837 9782 15
21668 57017 21
21879 12446 106
64148 48502 104
13608 53387 91
75001 17423 14
51268 44433 33
9105 71596 47
19389 24302 37
67821 42220 101
45794 24369 33
14957 61659 3
40945 63599 111
494 2888 40
43575 64504 10
66430 33228 37
2277 72812 62
20910 54821 145
70959 12639 122
12334 20418 29
62797 43640 119
22420 58936 12
17733 22884 19
46008 53714 14
64535 32833 111
17983 49199 37
24849 39008 78
44436 56227 166
70909 42909 1
59483 20950 147
64301 68385 1
74388 39259 32
8005 51604 7
72927 1979 51
15036 60702 114
15245 50394 1
12363 20580 25
62025 47590 24
49660 68179 10
51706 23165 139
67836 43603 82
43498 73857 1
43414 8723 114
37399 46026 84
53906 32772 136
62805 34177 106
64101 49244 24
17815 75491 6
15036 61545 28
58296 54939 7
53489 62038 101
61930 29239 1
67207 12453 120
60771 35283 24
19073 9656 10
19414 64512 145
24138 5342 95
21796 4777 7
48322 21705 17
35163 1875 47
22558 62396 120
14789 47684 28
15355 23702 3
58236 52113 25
54120 67319 21
7981 66323 24
54412 4722 54
16771 46690 72
18716 11641 7
13099 75172 2
8005 54649 105
31963 10398 133
12171 27512 3
58951 17810 143
20409 20732 34
15827 2015 2
20441 39460 137
21962 8688 111
10784 27378 122
31336 41025 7
62941 55384 7
58215 56829 120
32352 50406 3
61513 49996 3
69664 21924 10
38582 57846 29
27592 10022 26
3249 24877 28
72971 38620 24
1425 60785 2
63217 72750 132
2320 48151 28
25567 67216 117
60706 61854 41
35239 64409 2
58064 38634 120
64516 39254 167
57929 13243 6
15714 64250 41
62209 30890 39
61988 48864 15
45788 69155 35
59334 55070 2
27557 1508 32
1798 64394 2
25350 17228 6
39476 4060 75
36636 66074 1
3439 51046 77
48767 49555 102
47227 8738 120
75293 55472 15
35159 5149 78
24774 75160 2
75002 49244 24
7812 13092 24
49499 33425 142
74991 45464 17
58025 60554 92
4733 39051 66
61860 28717 46
52543 63064 3
3954 28691 66
24793 31810 50
41287 60774 2
13090 64142 28
17008 55788 7
57895 25065 95
54427 68572 6
27083 2977 1
64495 70641 7
71095 39442 133
13539 64337 29
54111 28422 116
55817 24203 32
62332 14058 40
71034 73034 2
58345 15605 6
658 67819 2
56171 3110 144
3076 72787 145
47050 26178 28
56514 48619 90
12275 24506 95
35510 59251 145
64540 62677 3
24974 36761 133
63029 67307 15
67191 15204 72
62803 46080 2
12792 39401 3
17481 4733 63
39049 71119 47
58858 28100 29
35122 62714 74
32643 27853 29
65350 53760 2
12451 13067 116
37369 52519 1
55940 55083 162
30732 59281 2
52311 37929 21
25051 43604 117
11984 4771 124
27340 51482 117
2257 12823 32
46986 6032 28
59740 55936 10
47480 53392 99
26291 48131 29
43029 73041 2
53849 62408 122
19197 26652 7
57880 58352 32
33058 12526 114
62042 75002 15
47315 39098 11
39492 2232 37
64565 28374 1
21356 45112 120
24176 21902 71
8134 59262 112
44271 35833 123
27672 45317 27
22108 10334 120
35246 9164 45
56156 37758 53
22340 4846 25
51227 51236 27
64291 51278 10
27687 73543 2
71640 29234 64
38207 30875 14
24677 6659 94
54242 63652 10
4848 39462 2
31177 51610 37
67320 68364 22
3359 47363 60
64324 46317 3
54055 30423 1
58629 52238 68
17068 38522 27
56783 24980 3
53905 52421 32
43911 15809 2
56429 55128 7
9817 69208 129
24965 17275 7
37381 21561 123
66067 13653 7
26449 59258 118
21404 12786 37
62403 13032 84
54916 63385 145
30486 51004 157
55125 49904 23
60769 45012 101
53881 50294 2
10011 44666 25
59357 61111 124
38872 11875 49
62870 37741 3
39474 62811 10
58759 8705 114
62840 10873 64
43179 24965 120
60823 59078 72
56852 31259 29
58806 49333 3
64164 22163 120
48160 47056 26
25308 15655 102
48457 30621 24
61073 15111 7
39369 15701 3
32679 8167 24
62703 37215 7
61146 3498 128
35638 43017 10
32334 42990 2
20974 57319 32
36767 16119 15
49289 3702 50
58182 6101 28
43674 43608 7
41212 39438 6
27558 33201 24
28157 55154 9
39003 75121 101
13581 43558 157
72091 10306 124
37771 52363 27
62689 55109 3
182 62449 67
39341 41805 7
50975 15153 7
12038 15175 11
62881 31827 47
68504 25317 154
3219 10910 74
62860 3252 64
35182 3320 60
19628 67166 1
14995 32556 41
70084 40067 25
62061 7541 99
48548 74501 72
18081 72447 101
70085 28066 3
32942 53088 29
54203 13049 3
28507 47875 3
33440 18433 142
52748 69668 2
25274 13597 6
73881 51146 7
15362 61061 72
71433 59251 116
24353 4266 37
68823 64232 14
65213 25023 14
48509 15474 37
45144 37824 25
53005 35650 170
45112 28517 112
27350 32474 120
24704 7683 1
56327 24710 143
53620 46292 6
33717 12023 8
55736 26596 1
25081 64124 7
61984 31393 62
8763 41169 42
17876 16787 71
69472 52263 140
71781 51269 28
38486 18488 156
27924 43017 1
74391 51509 1
40621 1396 29
53048 51607 10
2977 29243 1
60710 64540 116
59416 11819 134
5055 4909 83
52709 57032 32
25877 10174 114
65064 17672 15
56399 22277 17
25650 36339 113
49805 49084 7
44284 44289 3
21849 50599 3
9643 24329 7
10944 3679 66
40861 18159 29
44305 4779 1
53902 46111 34
15260 64322 2
3610 5181 54
8597 993 4
72698 22170 28
12905 3791 56
62048 22992 2
14334 70432 3
8557 26354 3
27808 59578 10
62915 3570 56
46633 7579 2
4783 68324 180
26211 64216 28
63135 40113 2
35687 46824 3
60088 25097 151
8657 1106 19
51696 60779 39
62638 45915 147
13132 61629 3
48678 64258 136
32994 13003 101
11590 1776 50
39085 3394 45
62018 43007 1
8005 69320 9
67883 73494 32
15809 58650 122
41164 51544 72
14411 53940 1
38954 35364 75
26029 37114 146
24691 17768 34
74626 51961 84
69626 587 144
1972 72961 15
75373 4675 14
24853 35230 54
14516 14269 24
40831 70150 1
1691 25635 33
61809 39685 101
17912 45197 113
17873 52475 116
37236 69331 60
34602 65049 15
1743 2273 63
42766 13156 101
30948 55576 1
11564 57456 72
2397 19960 59
68474 55494 15
46805 39269 15
2800 17464 120
28843 41144 2
8491 32566 109
40599 1103 24
9930 35446 153
51301 52336 29
56469 62453 67
12037 39299 8
70603 20916 143
25641 20962 2
74475 25039 2
52121 23220 1
47330 56016 38
58394 48666 136
46360 68049 35
27765 51700 132
62130 51978 29
26624 53909 120
34312 6345 106
43715 16378 22
68352 12659 29
51890 51154 87
64292 67923 24
28660 4143 54
25135 26426 8
36729 14304 15
54067 36607 71
52077 61928 3
27238 8210 14
49614 56828 21
32742 18138 2
62650 35575 2
45860 26287 16
25061 61652 121
49136 17747 37
6574 64142 189
53693 12344 3
51429 69469 21
34674 28055 1
22674 22699 153
60310 28484 7
45592 62063 29
15691 28541 14
28710 39426 151
37409 54283 1
54398 53236 10
31479 2437 158
37341 59279 7
24624 20231 3
48508 62040 175
12277 72108 1
30956 44836 12
55415 18246 28
3064 53847 122
18570 72360 25
4156 62252 0
58667 33783 3
11303 62460 133
75007 22750 10
2613 11939 25
8249 5094 57
44819 8441 25
56159 26697 167
48703 74247 96
50271 25944 117
8351 60252 109
27434 17624 16
15032 64868 24
19545 46153 32
73674 74892 177
5007 64371 2
28238 52214 145
13099 28798 7
10854 62691 54
27184 7290 21
33346 15502 6
15254 41105 3
59328 12270 115
37373 71040 1
38169 62822 72
20428 71070 136
33579 62449 10
57140 24245 25
38352 17184 10
28224 51498 21
57505 6504 125
291 28524 7
58399 52220 1
62762 17790 29
31461 39134 47
64228 39612 2
31219 58961 32
51788 29691 153
1183 70079 12
48642 21177 13
22305 38829 13
71125 13219 2
48299 46094 120
48353 58248 98
75486 53865 28
3016 49132 27
60763 6255 24
27571 15454 25
71392 38207 72
25174 63645 7
56489 26467 69
24440 19902 147
56196 16997 166
19940 46836 194
17462 8194 7
7953 52215 87
43060 59323 10
58205 21328 6
59349 61418 28
34199 63558 10
71663 3996 28
59085 54372 2
27001 38214 120
22412 58385 152
58157 12243 24
51795 59872 17
35433 65914 29
62165 30868 104
64545 74995 16
70995 15863 25
55120 6463 1
61443 22820 1
57546 41365 1
52290 75071 25
32544 17450 1
45535 1618 26
55151 13693 57
32659 19631 27
2817 4174 74
13268 3154 3
57523 62883 154
18528 32272 133
12846 25558 6
43366 71068 123
50291 38209 24
26777 10228 36
60739 74920 29
35730 58821 72
15265 59251 7
17676 73668 121
54126 30976 3
25657 59429 151
52477 31452 124
59022 70827 122
69128 66841 26
65956 13568 2
4443 57298 15
62622 15159 3
12167 1853 44
59082 70523 9
62175 52063 85
54340 13061 2
70828 40146 147
13036 54417 50
26875 48004 189
16358 62268 104
39352 54338 7
26619 72133 2
71996 10263 116
39924 36324 26
7045 1295 3
70828 31004 117
12129 39058 57
8527 64207 2
58539 56166 148
17790 53827 37
17807 14274 29
45525 3669 29
56137 12529 111
17455 52007 37
61326 48631 40
60661 58844 194
70452 17235 24
7001 49857 91
37442 40571 70
51956 52116 104
62638 45396 3
61256 9730 4
75109 33310 114
25489 17634 1
26772 37478 10
45280 19976 147
32533 37459 32
17497 37703 10
1303 17578 2
41535 1396 29
63244 51177 42
28283 24405 136
39447 20862 195
56626 31016 36
19617 35763 145
69300 37446 59
25401 12035 24
47564 65092 28
26446 26564 3
60465 1029 3
16728 2431 160
14502 18378 2
30819 1098 30
3438 39472 28
28041 60138 9
59250 35605 72
21766 53893 34
54524 8824 115
33559 8534 1
11587 52256 72
53591 33428 142
3435 11712 58
7808 61178 71
43011 30897 7
27325 46008 33
64542 68820 111
18352 25323 1
24346 57471 93
67170 39247 7
48811 7681 72
1088 70828 21
30922 47401 18
12236 17886 29
27717 9917 111
12673 18378 146
12713 22878 120
38658 7551 91
19060 39830 122
54109 7660 116
38546 17383 19
50130 69269 24
5163 68024 60
54583 58474 3
15364 9959 2
26990 57143 10
25135 870 2
12764 26 5
5876 1687 92
21078 21716 124
8069 43710 37
47406 39472 54
74014 18669 36
46801 52066 147
53085 60786 2
33444 50447 3
73408 59283 1
12513 44952 114
12724 74819 10
10325 58664 15
49244 1264 15
58532 32460 154
5364 46994 7
73830 32716 2
40183 61941 3
70632 1254 14
62952 26732 147
26694 5235 29
7211 57750 119
3136 68405 32
18468 52462 24
45051 23414 135
27226 1530 113
64412 57346 2
19635 10986 1
42979 15225 2
53672 55501 25
11811 70972 5
16366 59312 25
8569 18360 25
24979 67252 1
62776 19802 1
17498 54211 3
7981 53926 130
35228 35622 78
63120 13946 19
26446 2025 1
3698 62873 59
74445 21267 30
24133 70180 97
62088 33324 39
62042 24906 13
41230 38062 6
25893 64503 197
9694 52083 17
2705 22031 17
72970 26623 101
27563 10308 9
48542 28833 26
52366 73031 21
21435 55592 69
6175 35684 169
22761 58841 195
12655 39272 21
62737 53156 3
4728 75117 62
57461 30893 29
71123 54427 19
12990 33591 10
24683 68740 101
35528 62679 6
17599 43694 3
18448 28929 30
33209 49891 99
12569 60176 3
53624 49318 25
35193 34138 77
15265 27364 7
29197 62029 26
7990 37416 70
302 49174 10
73860 31956 7
35645 75300 2
31136 54362 2
48317 53227 7
26404 24765 132
50397 62493 50
8712 45308 108
61189 10512 3
8841 24470 13
59261 44854 112
32421 32402 3
60721 75137 101
27427 62660 3
70050 38789 37
56472 74109 7
48968 66411 10
42966 4159 69
57554 10272 95
5213 64987 15
2916 62449 2
50342 3318 1
46938 60701 2
58448 5501 136
45252 17715 12
74967 4769 1
69633 55955 162
25689 67126 120
39271 64153 25
64698 17510 3
3863 64413 158
62449 62692 65
2268 73000 52
70434 19288 28
4120 38219 15
27696 63650 6
46632 27752 38
5305 8223 24
13220 38098 3
5142 54336 30
10011 39299 117
40103 13115 25
54256 21916 3
37258 2318 59
47679 47590 6
45887 67599 110
40046 1025 2
58768 12926 32
17615 30820 31
56987 59951 197
75126 70342 39
24128 55494 68
12173 4217 51
49091 64146 1
72108 54254 29
73676 64421 29
0 64496 1
57999 56183 168
69041 54111 1
28853 52745 6
66607 24987 24
38200 35275 78
69050 62025 28
38598 38284 117
28136 73823 1
11556 37401 114
8071 57419 96
29030 25494 20
64256 75287 10
28840 51266 6
74681 31252 22
22643 56391 143
63047 24948 133
1804 17352 3
68872 27829 88
62597 53966 69
44989 30762 1
20461 28931 27
58941 44800 25
50468 1964 64
27913 28201 32
65512 18921 2
8783 53918 7
7300 59562 136
62042 54393 20
9055 65205 2
12601 28796 7
48848 53315 94
68619 2314 44
16682 62900 7
23206 44216 134
62461 74379 2
38500 64264 175
61952 58576 1
57614 59261 10
72741 33776 6
27327 48301 1
31378 72644 118
48791 62213 36
39276 65269 21
16227 47501 26
28732 64458 2
33214 35684 22
11680 3812 62
55939 71261 2
49141 74253 26
24805 67340 50
13281 15110 1
33805 39259 1
39455 5446 69
6402 66206 29
40599 1605 18
17770 15193 29
59064 61945 7
43418 51158 2
12027 28794 72
49805 17240 57
28605 49768 27
46178 62679 119
64410 70833 2
75289 50350 171
49257 16280 38
50294 55474 26
5262 25516 7
42530 46312 14
46659 26020 37
30474 66081 2
17851 26037 37
52810 30017 7
61311 30419 29
179 3564 7
49852 59272 2
40996 22988 2
63269 17093 143
4991 40631 83
71538 24449 0
73193 74850 69
18492 15336 1
2614 2928 69
39152 57872 114
62058 64588 26
46533 32697 2
61255 12411 1
51899 54896 72
19602 16756 1
56281 30806 97
3308 20056 193
71328 52390 34
46775 63 40
41120 39449 1
64750 66138 121
26619 70754 120
51163 4671 3
39438 65450 3
67094 44634 23
62956 60946 1
44523 1758 147
2520 12952 76
64235 54335 10
64469 70430 63
39474 17504 2
26963 18851 10
11864 75123 3
15143 30422 72
12929 35268 76
55958 62861 162
6755 57648 97
44693 46276 101
65532 51309 15
66716 1674 3
24256 48825 7
30522 3413 24
10768 62630 133
53429 33466 3
30720 17074 2
49759 38254 15
71393 59261 1
60935 37225 7
12057 3832 3
26611 24779 3
26873 40783 121
65941 13855 29
18185 37460 37
70113 16014 15
64410 1975 50
57556 70067 28
71635 32586 69
36264 22396 72
54215 74112 20
16490 39137 7
61543 23024 124
62447 47179 199
35262 4736 28
25963 22483 17
65876 65580 37
56489 48841 68
22896 51155 1
21015 30606 2
16668 70225 106
33765 46057 101
17812 61657 113
31835 54774 1
28560 2257 1
25841 47917 26
53892 52004 2
10871 39472 74
14608 10017 37
62946 59650 3
41415 61540 1
27067 38975 28
38292 63726 38
15366 43575 3
5678 67168 37
39418 62890 3
74913 50313 2
18104 19231 25
69858 37488 194
10415 12301 65
50049 9602 36
55177 62460 2
19688 39496 10
54307 30447 140
47536 62681 76
23397 31468 24
49622 46498 27
43142 17620 32
729 65823 29
49107 67803 71
42957 43380 50
14502 51408 37
61613 35745 10
22614 19926 2
48824 736 99
12013 30428 10
74472 51148 6
62674 3754 75
63746 38778 72
75046 69668 10
17873 61919 3
67853 17495 3
25822 16494 102
12730 17823 120
13164 13186 114
65433 28756 2
1191 59812 10
18160 35485 3
71041 44593 35
53767 37463 112
26750 48210 34
75147 63355 65
22647 52212 21
64507 3462 53
62205 67431 175
25689 72699 30
60688 47197 189
1534 64487 2
58140 32872 94
56915 12420 10
10102 17757 15
61692 72702 40
58755 51779 120
9931 75304 37
49768 36396 9
52484 27273 32
52516 8769 115
52161 41169 119
55151 46417 120
75112 36058 171
4828 4789 7
917 8438 112
38327 17526 25
61944 26104 72
52481 17807 57
38209 33578 20
59045 67695 122
9112 55417 9
10057 63779 84
1672 10007 27
14896 54593 37
27512 59294 3
43408 59146 2
64528 10044 112
939 46100 37
62657 48809 3
44034 72767 72
59260 62332 122
61681 56648 123
44717 45707 101
50343 69763 29
16694 24562 7
31459 68484 122
32907 19348 17
65117 68087 21
62911 12587 15
71615 59255 32
28412 32885 96
98 54416 6
31018 64735 29
45112 53656 114
58936 40593 16
43078 69651 3
51600 54103 177
4001 29235 64
28487 32525 120
75119 38310 2
2877 37890 1
5184 60764 28
75210 32689 2
64400 8308 2
24568 3711 147
45274 24947 25
39200 12744 7
2044 67265 5
55483 32830 5
72511 20782 148
12930 43720 120
23996 74327 155
24812 64319 14
74676 2841 15
24079 43020 1
24890 33380 24
64375 24778 2
63189 60916 2
58719 10521 10
30895 15142 1
3974 29896 79
39515 39480 9
40755 38438 21
38963 19887 15
2247 51463 14
63114 19459 17
43597 43602 21
64280 73828 28
35603 12324 118
12190 71593 46
20409 49521 27
50550 30830 1
58469 46075 1
60302 59246 1
65533 53328 135
259 10152 27
24528 56847 187
45273 72442 143
1816 50790 149
43701 43177 124
49742 20005 25
43499 70802 28
69498 16849 143
24445 61625 28
27778 58913 195
49085 33153 97
62663 2153 10
44941 69081 37
70025 65669 2
68153 35666 10
8322 52460 7
13207 5235 114
75004 63181 10
27364 75283 29
60781 26612 2
74007 18014 37
8536 58429 3
35545 30974 145
38752 49153 25
28407 68048 57
50689 17238 3
19257 66072 145
38256 25705 3
57192 60074 116
12881 50778 56
30522 75076 7
15186 16829 26
53838 47827 37
54456 51340 30
61879 4736 42
69328 7222 2
3374 5146 63
54776 60310 145
59062 11968 1
2249 3243 77
35180 1825 52
37798 52322 2
31761 259 2
49044 25947 189
53287 50638 10
23133 61471 120
60310 24866 114
8399 52749 14
53935 17812 1
48286 47677 12
52596 17500 2
71416 23262 140
64526 22945 124
59784 956 196
62649 49057 147
49077 1676 10
13382 43104 83
5254 20962 37
47153 68606 26
58424 52994 7
32728 17189 57
71163 22208 199
64167 8220 120
14599 46682 36
18455 28915 26
61285 26314 3
60739 55125 16
15809 17719 1
62772 68953 147
49520 22750 72
4803 18695 25
7041 49109 21
68053 37638 68
16351 68716 2
38014 17369 32
56799 52542 2
54237 24683 101
32863 66399 7
43656 49919 117
12623 53599 117
64231 67454 112
257 35818 112
60798 53385 101
22002 33293 130
36620 39138 27
67079 56763 184
14502 31322 2
56940 66962 92
27138 28309 114
40153 30606 2
25849 75087 0
3133 46037 30
33408 27490 17
32751 28342 2
37478 61131 7
17807 62885 1
50113 51501 27
13580 63070 2
60367 43080 7
5291 57380 92
5219 67758 76
36223 68047 26
1594 59246 140
59039 9282 126
68977 74020 120
61573 23230 37
37326 31115 143
72777 23345 105
52938 61149 10
10791 18402 25
67172 35844 105
46201 73081 13
1141 58033 114
50288 49612 171
61896 41705 117
15809 56772 25
14599 2758 15
58507 49108 7
33365 66605 21
72685 53613 7
46139 26186 124
69817 17606 25
32848 61597 1
29523 73122 37
36774 2361 133
62421 42557 138
3192 1934 54
17372 23748 6
43751 36833 134
75357 40620 14
21397 31223 105
46798 42337 175
1167 50344 26
47004 63271 9
62058 49221 24
72636 64101 32
55476 67801 69
69143 37941 39
31406 71632 78
12497 12601 117
24057 51346 73
25995 20417 146
47765 51727 140
12953 2898 54
6123 61283 25
19089 45868 3
41905 75284 72
38744 56807 96
64022 66966 167
65245 72315 15
11019 39105 64
30961 66521 100
54506 47203 21
22791 49049 117
13803 17380 3
52955 15233 72
5089 46963 18
12889 31643 51
21100 25979 8
56613 62462 72
2433 32712 57
27644 73530 120
60110 14245 33
21608 74792 32
15379 18475 2
13628 61222 1
16179 49225 37
75038 15364 1
5163 62832 2
51663 53462 87
52456 41259 117
45484 75013 7
27896 32711 29
69289 36459 171
8457 27386 186
7932 2810 69
54293 32580 21
7828 7698 2
39393 72948 2
52903 2279 7
25548 31540 120
34780 66705 1
52819 42902 7
49193 65293 21
63074 37182 6
18481 759 2
6019 63141 167
64532 55119 10
60055 38266 21
73748 47773 29
69670 17163 2
15382 15809 171
17485 63097 9
17818 74892 72
4790 44717 35
67207 40660 41
28960 20235 152
52615 1087 1
73317 41803 6
71616 70722 189
28625 24515 7
35736 74110 7
1575 43221 116
33330 15358 94
10815 14893 7
49062 51713 86
11905 64154 122
50307 56852 21
72955 70929 15
28329 2111 3
22740 9655 113
58031 24199 27
9745 17176 57
73849 26373 24
20074 53898 145
68047 21616 15
25934 33310 124
56082 12786 122
14389 42392 138
64989 58304 3
54324 5079 27
62457 50419 2
38951 31782 45
10154 9782 140
28843 63011 14
3223 65577 2
64248 75030 72
56392 24692 166
65844 35646 2
61219 49407 29
47872 38724 102
16625 60794 28
57032 64134 120
27509 47215 10
51187 39144 6
58169 23994 130
12624 50338 25
57884 66303 163
27303 17935 111
60739 45270 119
47160 69970 7
61576 60770 28
31003 21687 12
17008 43163 7
17934 30446 3
37132 61242 24
52749 65784 14
62271 53889 117
3747 35105 1
59331 59262 2
31393 46006 114
4725 4225 63
51384 33309 114
62709 59172 10
57349 1691 25
61130 62176 84
25341 18352 25
47388 14337 24
3545 62674 195
4745 51218 28
23992 21950 146
13055 13808 189
48587 58772 147
8163 49742 109
66901 15421 21
75365 50434 2
32956 66892 191
59923 51916 22
51185 74681 15
68731 51338 86
1694 61392 37
33419 11809 28
27254 46662 29
31341 49185 1
52626 69668 2
71405 72117 114
3588 74896 24
71756 71800 120
31079 21733 29
63001 39171 2
40720 30951 21
53900 71426 116
52496 46029 101
56204 16413 7
22494 1391 24
25598 24084 25
33288 868 2
66383 12703 14
25344 4791 24
62569 12265 7
18032 31038 21
15491 39280 25
31450 47678 37
5266 15314 3
19489 32700 24
74561 24647 37
65548 40748 15
63779 28365 10
2039 42988 2
47156 2813 72
21737 27563 192
70827 54558 27
49010 15987 120
49245 69845 35
49314 65311 15
45481 54718 1
64564 61535 197
62536 73038 50
35744 73352 26
59030 40061 122
17522 32540 2
69997 62063 24
43212 6289 116
56460 21515 132
30957 14161 7
94 39516 2
53891 48519 40
52491 38227 24
15809 18299 114
31757 35160 44
38732 39496 102
49164 62423 21
54313 27628 37
15235 18265 29
31044 2290 10
29960 12215 142
17948 62008 11
21187 32340 3
3263 12047 60
32349 47128 2
37201 11210 72
62845 29537 1
8005 69240 72
11337 18004 3
72116 17466 114
71056 28641 39
35284 4109 60
13468 1240 91
24207 66811 155
62760 12892 63
17061 64531 2
57236 61845 114
29752 13421 157
42664 62747 39
52475 26747 118
23957 44811 7
52542 16226 2
59883 261 3
20951 2730 69
41803 38804 21
31344 2091 43
62822 15190 10
52208 62462 147
42101 42573 175
33254 57041 93
26396 66258 112
54319 70828 6
51422 6276 3
53317 2149 114
22788 54235 32
28210 18048 6
53660 1687 6
63827 55879 10
64106 13146 10
35656 38598 24
58301 5233 9
25948 42936 25
14437 5168 2
52945 22608 119
71588 37975 1
39136 1729 45
20279 71037 28
21026 70617 143
18212 24874 6
13746 65227 40
655 56969 103
9825 9868 1
59258 25661 32
51737 66057 9
32465 59283 3
12173 3824 51
52925 64545 72
72000 22269 6
52800 37386 2
14473 61812 25
45769 55092 1
39272 37459 24
62974 72271 160
20167 74839 93
36680 17500 24
51846 32497 72
14769 61464 2
28794 33161 2
52279 64556 120
9900 31011 92
33102 6924 25
51883 51622 31
25308 53849 124
70410 51164 1
2515 73864 45
56970 48746 164
3898 61227 40
15706 64260 124
62776 39269 10
9627 47969 7
67155 65953 120
73053 12849 10
62780 1628 151
51265 55485 24
12499 21309 147
46664 43661 40
3290 2515 6
1635 10159 24
12692 66385 27
47735 30842 92
25279 9633 10
51752 40610 21
26252 54144 124
40797 64040 27
56890 64394 2
13135 43060 32
33194 62803 123
51292 27748 13
19210 37114 70
32687 64632 29
32918 25910 6
32674 12653 37
17196 32657 114
43056 73841 3
55085 46064 114
55108 52599 3
35812 69327 2
59062 32650 152
48671 61918 114
39136 2101 57
56320 38551 97
64754 49232 15
43212 69145 122
12521 75032 121
1717 25547 3
15513 64095 32
27658 61942 154
25344 66080 10
72313 70734 1
27097 35722 24
59250 53574 114
24257 32501 72
48569 56047 148
22896 28507 7
8475 48683 24
67363 4092 54
46284 42833 37
13944 36596 116
49275 21154 36
17075 51190 6
57032 74564 180
43219 53323 15
35055 53880 124
50556 56279 20
1747 35278 28
70944 41847 193
1961 31703 64
55982 62900 1
55920 69760 3
60739 64106 29
2495 3812 47
39270 52376 37
17805 62804 143
36472 25083 171
12349 52108 15
8797 57385 94
59035 52866 72
17676 71393 3
31634 38994 54
68751 64289 29
67123 50353 2
69041 37796 1
21486 28109 1
22272 64211 29
28918 14450 33
12808 66308 145
28737 30599 72
37234 28214 195
35524 27427 2
71097 2348 45
37394 26205 118
13956 1724 24
5240 61851 24
70522 44283 3
60799 64093 32
8422 28265 145
71140 26508 2
17974 18067 7
53967 70564 1
69772 20586 1
10329 30425 29
45589 12224 21
25206 71913 14
21630 44450 72
53887 33319 15
22299 25098 2
41106 48635 72
15354 70230 3
64543 58874 114
70827 5835 29
12889 68809 15
27898 1674 42
55636 45884 7
39818 3006 7
48753 33303 2
43020 39467 72
64168 71508 112
3169 39482 75
61607 41398 10
64534 61057 197
55457 73484 15
49290 64249 3
50233 38058 6
65961 33989 106
61105 18301 65
3359 27617 53
35248 11031 60
37748 56987 72
71091 16201 15
24753 18020 121
32652 40096 176
51702 45273 85
17287 17452 3
73317 44437 2
39280 24212 3
64093 54003 1
8999 38952 64
51680 62991 3
27870 55900 3
60310 3094 124
73498 41144 138
47769 4484 175
48711 68937 21
50500 58351 69
34489 27598 114
14502 53459 25
18268 48359 3
58317 61247 2
39142 61872 47
10990 3689 134
60310 55818 1
46759 31134 12
30858 42139 7
54023 58686 69
58962 69306 192
12936 38197 62
63739 68509 117
74438 68049 28
3975 31720 51
45583 75119 166
24073 31336 3
52515 8181 120
68762 2402 56
37207 7981 7
33013 72801 10
38091 35737 1
2318 39107 46
12029 18302 120
59013 43678 114
57911 19657 189
21650 1168 7
71584 38387 13
56823 59313 2
15393 24703 21
56993 5833 155
37005 46145 17
52749 69559 9
24285 43695 97
48545 38923 15
25465 38620 26
71924 68062 25
35220 3652 46
46746 69097 71
30809 75170 14
58373 40876 177
70761 60965 69
67717 33472 133
59357 22141 2
15809 15809 2
74469 28917 108
13771 47415 7
16442 13053 15
35285 12921 63
14502 36305 3
51467 64677 15
24974 50789 161
60802 54246 7
72813 72813 28
64100 67786 10
38598 62199 37
48749 24562 120
22563 2311 53
37758 42956 51
62064 70166 24
13680 74919 2
24626 21367 2
48276 24923 14
46238 60527 37
36357 27273 21
47712 64149 171
55646 52912 10
35287 2437 57
40732 12727 118
40621 47143 13
56238 65155 32
68066 12160 1
32676 19585 21
32322 63058 1
73486 18115 3
64153 62942 3
33439 51475 177
73465 45082 153
24329 42994 3
44750 24513 39
70973 11596 10
22773 1683 145
6418 47113 21
57470 17676 147
62160 47767 39
69668 56750 2
46798 25634 117
4962 47049 25
28134 28110 72
30609 33440 79
1331 61231 41
23236 54506 117
60038 12004 1
14840 13156 15
41633 59803 10
62060 50640 3
35817 15136 7
65587 67686 24
26047 52317 147
53865 72313 124
58024 70950 73
1694 65440 14
22596 44677 27
62731 4050 54
17676 1133 116
49439 26446 7
65652 13996 72
44332 1027 2
40724 12563 29
52529 6155 112
24820 37784 50
20662 58632 1
46170 39430 28
51164 54235 1
37975 12562 72
62695 25745 119
10126 46308 3
66888 48756 183
38069 28189 10
51610 31177 39
59703 74593 114
35012 45529 22
75450 7350 98
56597 65065 29
3348 1960 74
65848 51525 2
56416 5400 182
63116 43441 3
55140 10363 10
33288 1106 2
37199 21995 167
7753 12229 24
3432 35226 76
7120 41221 6
2682 68049 3
39784 55415 1
55580 43178 69
12653 60635 27
30711 38363 1
58944 67980 10
72052 24848 50
48769 49108 25
24544 5351 96
1822 4450 17
18615 8224 80
12729 14844 24
51201 26764 6
68723 37371 10
62451 52487 10
26501 26494 71
12129 13209 2
3092 28673 66
68362 30806 37
30043 26710 79
19647 31148 28
53689 36773 3
62040 43599 114
49522 20431 16
35645 64247 2
38319 42865 36
53562 15245 7
64382 13866 2
67147 62049 10
25049 60038 10
57520 45918 123
16992 47119 38
33669 35940 3
56263 43446 2
40631 4892 83
27694 43021 7
15529 32660 123
8956 53874 0
53048 72387 72
35674 4194 3
24289 13606 91
52454 13190 37
24499 19655 120
42833 20948 138
32530 15142 7
5271 74932 10
64364 53550 2
51291 54419 101
2111 39918 2
64239 43429 123
29114 28559 29
37467 17873 24
64093 31389 32
75248 62778 194
47137 12710 1
16869 68102 153
25783 48868 197
54239 33091 1
23964 72518 36
52617 25161 10
17536 48773 13
12528 58608 32
56843 58632 1
20956 24246 122
51538 51587 84
47749 58888 25
12559 28801 117
58492 32472 123
64356 39244 2
51154 52936 7
55413 58469 15
12554 53936 1
28528 50372 2
47674 9913 7
15849 9890 3
53604 45465 25
1292 37452 10
15188 68045 24
48777 37162 20
46813 57379 35
31200 62902 14
8075 4456 10
68725 74292 15
13124 17463 114
4224 36316 28
1375 46067 122
10267 21914 1
69476 17890 117
32087 1674 1
48373 17332 25
37404 33172 88
59261 57719 41
33181 57402 21
17477 877 3
4110 10966 28
45112 1677 111
64315 26734 72
49333 45940 13
52744 27448 24
65215 30445 29
58807 16912 123
9656 40970 10
54269 73681 1
21870 31881 15
56436 37374 192
19287 58887 1
21813 68353 2
61397 56747 10
57664 48672 164
26309 66072 24
16984 37409 24
23007 64206 194
1691 5775 28
28831 73530 2
25881 49038 120
45898 36721 35
51147 58803 69
46982 14681 135
39825 39241 3
58584 25131 71
64502 49186 27
41033 14184 26
39393 24062 2
59311 40248 2
34251 62048 123
33121 33399 7
64349 47076 3
9803 72293 10
43138 57769 21
37596 64349 14
52007 62407 3
65630 1086 37
63052 8432 14
8340 36899 24
27510 4288 56
30887 51539 101
59332 73844 29
20549 39379 2
35750 33442 10
6690 56648 164
26772 57232 30
56629 60762 2
70061 17808 27
65580 66143 121
23575 25829 7
56571 301 2
2481 3172 61
17504 60823 10
38817 62382 24
73857 39875 1
25355 60771 39
49576 47835 22
49024 71439 36
5147 37477 7
17820 52040 119
52507 52657 109
73323 66171 10
10896 61231 72
75172 46198 29
45825 49034 114
59262 13098 29
70758 11452 1
63083 5194 15
10593 53458 24
52210 62109 18
20987 26291 1
50285 62359 39
53890 71306 116
52573 64971 2
71272 45741 135
30432 45076 27
4775 28073 145
56643 25152 15
62455 24787 50
27664 63172 132
21014 62852 2
52271 54522 30
41829 49234 32
60269 1377 120
63710 62436 7
16101 47773 22
17572 23971 16
66397 17813 25
14588 50432 2
7830 12155 6
15100 56542 10
61355 35778 5
65577 27843 1
61966 20919 24
12646 33434 124
38271 60038 1
56120 33790 168
60697 8793 130
51379 58372 166
74892 53629 28
33070 33891 9
49190 24510 101
372 53904 0
7765 15384 195
61999 35194 57
11905 53906 177
13132 18312 114
52467 15294 6
11551 1530 24
16718 70538 10
63489 39285 1
64423 15809 123
50240 71283 101
51842 26356 17
17356 38493 25
12310 25956 14
62027 70932 2
64636 66318 15
29522 74791 121
72106 25839 68
47418 65330 26
46891 54011 1
50408 3918 50
59955 20459 37
39122 39096 44
64058 37338 10
45234 43176 28
62048 60797 2
62058 41773 138
1211 72945 13
56676 69668 7
15975 71495 27
55066 24584 145
30964 24192 120
291 49768 10
40963 32423 3
32656 64369 2
46672 1095 12
48235 9721 37
17676 2791 124
64290 471 5
28055 18501 1
59942 74943 3
53642 11621 114
30809 48345 17
33241 44282 120
40705 25080 28
53577 55109 133
31628 11893 61
30883 8218 6
64733 62097 37
2475 61874 7
72315 66933 120
70022 44735 29
54374 61681 3
15848 26218 135
14715 18131 135
63586 63094 7
66154 27935 37
48396 7549 155
38662 17501 3
31065 17510 10
18193 50011 30
50343 49476 25
59165 55930 10
64949 39340 2
46255 10268 184
69740 54186 1
62461 60610 1
75275 30895 10
21482 36135 21
16051 62860 2
26151 24335 189
44714 43143 24
66077 11148 7
58851 51166 10
21119 2027 145
56454 9702 6
28831 13993 1
36452 53325 25
14480 55461 25
33425 35155 51
5642 61836 37
36465 15809 27
31694 51029 66
75291 2412 142
13771 50314 156
18502 58917 120
49169 52744 101
23251 53476 37
32548 63051 7
20268 9321 53
46889 25461 3
4104 61402 40
52931 71409 72
3557 13539 3
43338 48345 28
31345 35247 46
23014 8495 32
62787 61227 3
45062 44623 21
67007 62764 136
18448 63260 10
21810 48690 21
64249 15809 1
25669 53887 28
39322 51230 1
20215 39168 145
39421 16036 185
54102 25660 6
45402 22381 16
17815 64141 2
60745 64528 114
59251 61340 39
51549 31203 143
1083 10211 30
2076 3195 78
5700 61665 25
68554 58839 194
1715 29228 48
40693 13025 140
74227 67689 36
51904 61125 42
24927 64168 3
63054 61082 65
31339 6353 2
50350 39395 2
37769 69392 59
65944 45074 2
2452 38930 60
27499 31411 114
55955 59051 2
44264 37664 69
3178 4015 45
36732 15225 29
44414 24136 39
37466 18489 1
43226 15809 37
9254 4262 126
74571 27853 10
64370 5250 2
12433 53623 29
56877 54054 120
3555 9365 62
62427 53887 3
64489 11633 128
57018 52568 2
66800 58017 6
45385 32334 2
18368 13115 30
32486 12713 154
48967 70595 183
51702 24600 69
52799 37869 72
2577 19261 2
53428 41820 25
7660 56613 24
23984 55982 67
17792 64006 153
1918 69307 45
62259 68357 39
60798 69565 2
12198 18489 2
7067 6370 187
3317 68294 1
64552 56292 114
66391 1579 26
43446 13060 24
70552 55864 105
64433 60293 2
53081 62714 72
12074 13461 133
39076 24847 74
13967 69104 26
42272 54214 3
44854 64891 15
46273 28964 12
56885 16163 29
50776 40909 9
24691 74564 120
51445 47598 24
2321 62981 46
68380 15111 1
74183 73535 135
44715 57982 88
6504 8334 91
60730 52536 29
26392 17836 129
47620 61021 24
8383 5826 164
58243 51797 10
60465 52504 116
72037 70621 123
2929 32570 68
2568 5150 78
53912 43027 3
7425 62778 119
35751 5255 28
30870 47604 13
47728 4307 29
47170 22469 29
6795 17386 29
54300 15160 7
26274 59262 122
72968 45256 1
40947 61661 2
66 39557 2
21131 66555 28
27651 37873 153
36758 55948 133
17128 17936 1
62318 32561 25
72313 24175 122
31793 13211 68
43074 75014 7
50665 43051 7
58179 24471 29
62511 32356 65
49215 9862 37
9869 70272 112
45672 62023 35
48755 9868 37
24965 57208 122
43230 10661 3
51663 53517 139
53844 22737 34
18483 8238 24
58785 11883 1
39280 59047 28
12074 11009 62
5264 35321 20
8867 30866 112
63010 32669 2
9765 1194 1
70175 1676 99
33084 52098 114
69930 47003 3
39352 51579 7
31773 3186 62
48568 64158 10
67582 62615 70
52634 21703 39
16023 62320 40
32460 46438 143
32756 43595 37
61096 61168 69
15809 22268 2
33532 55959 162
32561 93 32
39804 1508 9
60227 53831 114
61386 68364 3
25496 34236 120
19073 33509 141
37450 8309 110
51855 73861 21
39200 64388 2
9408 64483 2
21549 62213 72
58333 52567 2
15384 61109 147
35522 4729 54
4172 12825 56
39805 20203 124
3912 10928 63
10939 31683 52
58898 12263 3
45338 64321 120
46051 32651 37
27636 9777 32
41627 1554 15
20513 61528 21
50646 51521 3
62642 25856 122
74141 23284 13
73335 9746 26
58109 18087 197
41134 27584 6
61930 58796 29
51162 53852 69
14413 37720 10
66561 7543 36
69047 47260 75
58464 11870 71
14489 13153 25
19077 2834 10
42923 17757 14
47198 47138 18
66077 40094 1
12893 11779 48
69341 50571 9
69022 70222 72
11984 35622 154
62038 14948 14
59349 25112 2
75278 67695 3
23018 17497 2
47763 14432 28
22265 52748 29
11003 10847 134
37740 14248 10
57643 8648 29
68834 69737 123
61664 30649 3
48938 61981 15
2605 17849 3
58938 73536 1
45004 65237 21
24752 50351 94
31334 56743 15
62842 41086 1
39418 60763 24
10142 45606 13
880 53087 7