5442
10864 890 185
4928 14526 8
11431 7620 47
10289 6726 89
9901 2678 48
13612 5130 5
11621 554 0
6586 4882 86
4929 1657 109
170 9551 44
2349 4814 162
6752 7296 222
5029 14241 144
7509 11517 6
13945 780 84
5959 5336 8
208 985 106
4347 490 90
1438 1424 82
4846 2231 220
8194 4219 8
11390 9787 130
11146 8569 198
6269 82 3
9938 13388 101
13966 12707 86
4997 320 38
12630 5088 59
8321 3728 39
8988 5880 1
1939 10259 92
13389 2826 178
104 12033 201
9277 6576 15
3446 405 66
5896 9494 130
7162 12148 220
2904 5414 12
9961 11771 1
3706 286 236
1652 3457 224
6025 5336 90
7942 3787 22
2993 11294 43
9592 2730 101
470 6342 6
11307 199 135
10269 10272 8
134 10228 175
7139 3867 88
9893 4526 22
13265 9022 38
7070 4957 68
3248 270 12
6247 449 100
14182 13426 131
10755 13923 13
3173 12826 207
3630 1466 226
1376 3854 31
3963 9002 28
12523 166 191
7697 5466 186
10143 6300 138
105 4314 230
1547 12345 80
6696 2176 12
14489 7365 25
1503 7951 83
0 3449 6
2225 6865 106
84 109 2
10195 3425 3
43 14463 220
7716 8182 15
14537 3299 212
12420 5968 32
1445 275 144
3356 7691 19
3310 2737 82
3976 6095 15
182 4157 3
707 1084 11
8735 9789 30
13844 1445 24
3318 7168 34
7527 5975 87
2412 12796 12
5942 14383 25
2376 11564 83
8016 9721 199
7219 7112 49
6171 14537 41
4802 7425 12
3160 6050 122
3989 2963 224
2492 11822 12
275 626 69
6693 13200 124
11760 7389 4
777 13695 24
4035 1929 13
12047 2522 1
5451 6206 11
10214 9050 83
4483 1043 24
14246 8536 25
2941 8698 30
2498 5349 53
6540 1793 90
7138 8576 16
474 5098 119
4172 8834 12
2394 11270 221
2413 8566 8
11165 8261 62
670 8033 99
11915 293 135
3987 13276 190
10235 2556 41
6768 1913 123
5281 3360 61
3797 9921 159
470 11911 215
11663 4143 117
7676 3913 13
1793 2495 90
8320 8643 38
8853 7887 42
13521 454 26
3910 7887 6
9486 3784 199
4565 9164 151
1682 13210 107
11356 13914 54
11610 8760 161
4464 5271 223
6188 2295 36
6404 1551 12
9572 4703 134
924 6959 128
7951 3805 150
12544 5778 12
10914 5829 127
9749 11291 62
901 5639 109
10744 1705 106
14418 4914 29
5223 84 2
8259 11904 120
1637 13276 62
10388 3744 109
3884 2637 38
3507 2091 202
10225 3801 160
13260 5342 19
10391 12936 166
3352 3873 8
258 14509 67
2128 32 3
2573 1537 127
1516 1975 160
571 14527 17
4577 14299 6
1765 5880 63
6063 11733 66
9875 9794 116
9480 4927 21
3582 7887 38
884 9512 109
6161 14033 58
9618 5811 84
5678 6579 101
4827 8033 211
3080 3139 60
7498 7913 25
11036 94 35
7385 2421 66
11686 3446 22
1361 13426 163
199 3612 222
13086 9719 17
10041 8704 38
11904 3309 122
10495 147 31
7754 4448 6
11511 8010 224
4763 8837 47
12477 1961 21
8810 6379 82
2501 2203 13
2033 443 160
3464 10440 123
11103 8712 59
4714 11821 116
1793 4089 90
3266 3621 184
230 1501 7
2050 4626 159
84 2578 31
8406 14345 19
9961 14483 207
12897 163 114
2743 1845 57
7329 9638 184
11477 8963 201
6449 8398 7
2256 6796 15
3999 3679 175
3257 9600 189
8692 8530 66
9976 7304 32
737 7316 113
8585 13877 107
8909 14524 160
6846 6884 109
9369 3071 8
12467 3467 132
3671 4758 39
2023 10074 34
4044 10902 84
4476 84 2
3446 6668 199
1059 2190 31
4625 8406 126
13188 5426 48
2425 6547 107
11961 699 8
1336 11133 184
3838 9534 48
1637 8139 78
3534 8318 1
12893 11310 38
10751 1719 105
14143 11627 88
10999 4403 136
7852 2945 22
10891 1724 30
4021 2203 75
3102 13785 124
2113 5172 151
6638 728 38
13492 7877 203
10391 5799 108
5271 1946 192
8215 12634 8
4891 3432 226
3477 4448 66
1519 4055 229
5223 13819 7
10874 2012 179
5137 14116 122
13945 11039 50
301 12899 154
8631 11904 94
993 195 185
7534 2039 122
9592 1083 42
1768 8917 113
5025 6277 160
4027 2111 2
5813 12774 26
4133 4373 119
10039 434 161
14484 1942 229
13276 12306 194
12971 14488 222
192 13582 21
7266 24 2
2999 1160 15
3773 11275 12
1984 4346 14
6377 3634 15
14490 3885 25
6633 2792 145
1929 12630 36
9944 535 43
10121 2981 32
14488 13968 222
6294 2990 134
13798 4558 13
4218 10284 24
3626 12759 19
489 5135 126
13296 3916 20
12816 213 189
6051 1849 7
1514 3705 17
4599 8913 230
478 4644 47
2401 8250 188
1042 84 31
10002 3144 32
4003 932 184
924 5980 128
4364 924 59
8781 11008 158
7743 6228 217
10630 208 159
13127 13290 58
12477 14458 24
4571 7887 38
494 3020 26
5797 6993 66
5292 8242 216
3895 13276 15
2764 29 66
1566 3697 8
11199 12810 109
989 6216 230
4828 10535 43
11713 1152 12
7083 7444 15
834 8589 48
2445 10711 83
3589 10144 50
3591 8885 83
9068 320 7
14307 4448 158
5454 10709 175
11310 2188 77
1395 8680 192
4560 8842 5
7573 12528 12
2055 12305 83
3766 13870 226
6676 7135 2
13188 12910 37
9200 8978 83
3851 10559 221
4557 6517 116
11956 12156 162
11904 9437 122
1123 1143 59
3389 8049 2
9723 8289 183
5464 14420 152
2015 4598 8
6771 7991 119
5605 7893 153
6099 13196 127
2684 740 32
6422 5994 19
12599 6490 15
13844 2860 66
13296 6570 20
13265 5784 31
1395 6687 109
628 8373 66
9248 9475 4
8667 7182 193
7971 2477 97
6893 8866 80
12141 4962 130
8175 2895 38
11119 2843 22
2665 11491 60
14380 11117 200
9886 1433 130
14041 8457 25
7534 7951 22
13040 1314 31
6216 10579 163
5001 3595 152
14488 3133 234
8157 13035 101
1406 1605 129
1361 532 28
4218 748 48
3841 11785 66
12083 6098 230
9641 14097 226
10066 7511 106
1957 9439 130
8260 11561 132
450 13533 38
12113 9591 145
13066 2861 12
452 9281 6
383 9395 50
4085 14325 38
7615 11385 109
7788 5878 60
3890 12842 122
9325 3991 15
12781 3109 83
4801 8497 123
11728 5495 158
5515 11376 220
3456 12761 100
11750 8993 66
4668 121 12
11663 10299 120
11248 13626 131
4350 10298 34
1692 1885 11
1922 4594 97
14374 2839 12
9625 13415 216
8866 13040 80
6123 210 77
4772 11734 116
9470 4994 203
10769 7495 58
42 2715 69
12343 8703 31
8059 3844 86
2644 1759 86
3618 2410 135
11674 6184 182
14405 846 32
3825 12361 58
3299 1718 212
7392 8333 109
13188 8229 3
185 1668 86
2237 8768 12
9758 9109 224
4831 3955 236
11520 13945 58
13550 11276 26
1605 13855 12
2259 11368 102
186 10529 17
807 9290 97
845 3618 66
2992 8187 160
1614 1097 30
11731 3329 199
8030 11904 122
613 6465 109
13388 3446 101
5973 6281 133
3729 12806 236
974 12232 58
7958 9680 83
6437 6051 207
7716 430 155
8396 1885 7
2911 606 229
119 9222 48
4477 12186 192
600 2315 6
13490 12764 207
7132 10391 166
9935 674 129
8158 490 27
8303 9436 23
11904 6676 205
299 3905 143
1752 12630 59
1387 1126 30
8658 9908 66
13296 10494 20
14499 3787 12
163 2290 20
4987 7657 86
14518 9753 47
1259 2026 109
12320 9203 194
14098 4314 86
13781 11431 8
11904 816 62
9609 4593 8
8285 9405 107
12831 8701 199
3848 3277 86
4575 4478 44
5209 5880 143
5087 4186 159
8280 9183 130
14391 10432 84
12010 2529 30
3421 8702 136
4222 8998 100
1907 11089 6
7199 9879 48
199 158 135
2471 11855 158
10028 5700 106
11437 7507 8
6202 12816 2
14005 3029 163
12710 9401 86
14051 554 0
3886 6894 94
7777 869 32
12826 14241 15
8556 7708 50
8870 1665 85
12910 9756 58
14494 1233 214
2176 1718 38
10487 9212 8
5399 9215 59
105 2107 109
12523 4225 191
1393 5230 163
224 6923 95
395 989 12
10117 7871 66
6917 3234 204
7503 415 2
4840 6122 224
10567 3120 90
529 1043 66
7791 18 106
413 657 215
2755 2569 186
14537 6890 6
7876 9431 58
2409 1062 86
6917 1 132
1914 110 107
8116 7707 191
5223 7752 31
4549 11477 23
7149 8247 37
404 5653 116
14020 9572 20
2045 623 29
10817 2644 84
7651 3426 153
2844 5371 122
6166 1334 192
7332 2244 224
10773 9412 26
3944 2809 229
1418 5882 154
1165 1970 66
14482 14482 137
10934 5129 23
662 12773 60
3701 12186 29
8827 5001 66
8059 2968 106
3240 14166 97
11027 7258 109
12630 7464 58
634 8993 38
997 3253 153
11115 11801 66
14457 10470 220
7651 4563 212
489 11625 31
11676 1380 21
10299 12017 207
136 3077 235
11904 3021 15
8309 14085 107
7161 6690 66
525 8675 13
10516 5548 30
7339 4546 7
8138 9307 122
1449 5225 15
7752 6596 53
1418 12694 94
14172 7897 87
3062 5845 30
490 4006 7
13141 9650 52
484 8376 38
11666 8450 220
4136 1494 80
13844 4213 30
3370 246 226
554 2395 175
13844 12364 17
7113 386 116
5180 13683 160
1491 3474 9
10163 2023 166
2492 7289 207
12720 12392 191
9759 9721 66
7925 6525 20
6277 5548 30
11865 313 86
4068 14257 124
2231 11319 30
6966 2496 136
924 1546 34
2231 5413 102
9574 13426 88
9467 12345 107
275 1052 123
6368 1119 112
10718 2541 32
5808 3806 131
6639 2884 19
5245 13655 52
6548 6331 191
7971 4018 122
4547 1873 6
9952 8929 84
4761 7699 226
420 6184 62
13768 4392 199
693 12591 158
7634 12352 58
4012 10912 40
6917 9176 191
42 6126 127
4846 13121 89
2568 9788 52
9631 13466 194
3694 5397 37
12361 9597 23
5457 791 179
5868 8190 12
12924 9756 111
475 3002 59
7887 12688 39
4452 4559 86
6576 3796 54
4546 13893 67
1281 6558 66
12279 4944 179
2501 2297 97
8214 5812 106
12780 13426 163
6794 7629 128
1764 4846 89
1225 1163 28
12982 6081 66
8202 7817 163
14336 7159 101
7080 9080 131
5209 4337 228
8730 1129 183
6654 1671 145
12797 183 89
1936 3534 26
9773 3426 199
5336 12599 50
2006 5451 2
14063 11412 26
6467 2066 12
9754 9278 8
199 13345 15
13880 6154 2
5365 10965 32
12658 11790 22
6366 11103 94
5378 6540 173
1796 4946 94
8207 4358 224
3937 11514 183
12207 4043 80
11593 9478 183
9198 9368 66
10435 7791 106
4875 3885 39
1373 1087 150
12246 12466 21
11293 12208 26
9243 5841 89
13819 4224 67
1512 2849 84
8569 6956 129
9322 1664 215
2678 4502 229
769 2420 184
84 5447 2
8500 8033 228
13085 6573 31
12630 9010 7
554 7719 32
9512 372 60
7611 7708 97
554 4817 84
5122 4302 21
50 13787 106
897 1916 45
12160 1798 84
7583 1416 12
8868 11815 20
1719 3471 155
8500 3307 152
13070 6095 82
2982 1696 113
199 8596 58
9565 10993 2
7645 5938 106
11904 13888 25
12689 9020 160
4623 9708 58
6052 7893 106
7740 8531 107
8790 2578 66
13018 8827 31
417 2239 133
10061 3827 31
3299 14418 212
7380 4086 19
9304 9085 170
9119 500 103
11118 9721 67
8776 9697 205
10459 2636 59
5114 1718 21
8004 4477 3
1642 11577 160
622 4487 106
626 1700 23
13792 14420 48
8786 473 31
13540 4223 165
14207 747 115
7001 9320 54
10864 1836 191
13649 8919 35
4004 45 186
623 3216 35
7058 2501 87
9588 1885 90
4330 10174 62
10676 6980 236
7534 12410 59
2708 568 187
1057 13748 117
1871 3941 6
2358 11270 134
14327 4698 66
6737 5797 215
8835 8202 164
4608 6922 54
10506 2063 207
3398 6139 12
11413 2225 202
6367 3413 184
12982 5230 88
2064 352 31
10868 5973 113
12688 2770 58
1693 6150 28
6336 6083 7
4409 2206 6
302 8696 31
10080 4390 189
8637 3333 86
9697 13276 15
9221 2874 218
2899 11510 46
13426 12510 163
5482 9603 116
12773 475 31
3301 7533 145
3948 14363 66
11697 9174 221
1302 9541 224
13210 11270 3
4302 10014 22
1418 13793 25
5419 9283 12
1922 14284 118
5396 8250 222
2677 12186 45
3613 12582 8
13426 8077 59
10340 392 105
7931 13276 222
4501 6789 8
12630 13547 101
8478 5341 2
7408 6645 15
9353 11020 120
6180 4842 135
1236 1913 72
1551 13683 226
11514 4959 131
11880 6121 41
157 601 7
14029 7950 7
11202 139 186
13304 7324 3
1020 6065 13
172 12730 215
8224 5699 159
14430 7017 163
1555 13325 178
974 1416 63
12372 4632 87
13882 12407 99
2397 11888 122
8471 1191 227
9380 7597 38
5364 3734 58
924 9706 166
9416 5269 114
924 4853 60
728 5761 179
11734 2455 76
376 3350 38
7221 10988 102
8184 9053 155
11887 4068 61
11042 737 112
904 6943 119
3042 7733 102
8852 4133 12
712 494 91
739 12787 2
4130 3332 196
6438 13160 3
12540 6808 38
1234 1839 54
7845 1406 129
3884 868 59
6898 1332 82
615 59 29
7893 1059 144
8742 7445 130
4043 8866 80
501 10988 22
12796 205 31
10518 11065 31
1713 14420 0
13057 12630 167
10086 10168 88
11534 816 224
2879 731 24
7607 10729 108
9617 9408 27
13961 1146 26
4168 11421 122
3855 1065 133
13272 13669 124
2788 780 7
14518 12842 21
3267 1457 160
2419 12033 45
6205 1824 219
3939 13986 80
10402 2282 160
12426 7837 84
6679 5812 156
7623 12073 2
11421 2310 20
11030 2448 203
3590 2057 123
4473 3481 184
7611 3521 84
3920 13431 8
3736 12765 38
9487 9291 84
5580 12043 37
3426 8577 109
1671 2202 103
13911 10402 37
5426 4566 28
6257 2137 3
13285 3120 106
10327 4801 224
14488 3796 3
4094 6368 31
13819 10080 107
4093 7887 42
4244 5200 12
10361 9756 94
6966 2162 60
3099 6446 159
13042 5909 121
3150 5233 84
1542 2638 6
4336 7236 28
3988 9358 19
83 12845 59
10500 352 184
12352 3446 199
9095 14010 37
11577 9022 109
10843 967 228
13040 8566 107
13271 12522 199
9113 8249 66
4055 1 50
8097 8640 75
10095 434 161
6603 4791 3
3938 4862 12
4666 11782 159
8803 2277 3
2142 2367 102
14488 420 62
12855 13639 54
9643 3702 153
3318 13953 146
4939 8667 15
2023 12287 34
3708 4423 63
5438 9456 184
10047 13428 181
6325 157 32
147 3093 31
737 1345 113
11243 8374 22
6816 5359 2
4776 129 233
6792 1264 203
3574 6238 14
9853 3720 116
1347 14414 109
3617 1141 102
5165 7859 82
7283 8603 185
9983 8126 42
10874 11929 167
6059 4153 201
3154 9151 102
12441 12431 93
14364 2285 183
84 3700 31
6856 11829 25
11840 2077 45
1244 1188 184
475 6148 21
11457 8616 3
2091 1071 16
12727 3989 160
14092 3484 86
4541 6150 150
12599 12247 159
675 10698 3
2941 9169 27
3372 2895 66
10965 2884 39
5283 2950 19
10956 6354 155
11888 13380 83
13860 13033 3
4537 9639 103
8194 2420 145
7408 10868 236
5667 2555 100
13276 924 108
6358 4545 163
4685 3811 22
10857 13318 61
5802 6723 86
2274 5135 199
10300 14127 188
3262 175 145
9524 4313 130
2055 5576 2
13436 2556 228
12012 4028 58
10995 5946 213
10639 13008 32
160 11115 58
6934 375 22
12751 11998 34
7782 3706 28
3852 2528 82
5017 8113 38
4251 12472 126
13485 1914 37
7509 6114 115
2524 11522 153
6360 6613 75
7948 1406 3
5021 5566 34
4882 6135 86
13276 10745 62
7682 613 109
7058 10624 133
5605 4448 66
10834 3028 150
7058 14530 118
4567 13227 8
7668 478 54
3521 6817 32
12651 5658 38
2958 1546 92
8999 6508 6
13349 11371 89
10579 9625 163
6395 8651 101
13206 12172 179
6086 5835 188
12265 4817 26
5623 9143 32
4889 2346 8
10518 1059 171
8235 11681 22
11892 8136 131
7583 14001 59
5992 12214 32
2528 13534 18
13741 1821 50
9283 3686 106
1768 13762 63
5138 8980 58
9909 4429 83
10032 7221 102
9033 670 140
10171 7415 226
12923 1697 225
1537 14241 143
11684 1038 202
7742 11178 200
5652 4085 26
10518 8570 15
1665 1304 85
7860 6352 10
3680 11055 207
3073 12644 45
3722 3555 194
2207 1302 6
7721 10211 45
9965 5278 13
35 8259 26
14237 14454 130
5965 12087 136
8884 3515 61
5878 6788 8
8773 4378 20
9792 3173 22
9329 10645 59
1804 11234 118
3590 9475 42
7794 3553 84
12403 532 199
5066 10907 64
11574 5767 6
10695 8822 20
5547 12893 12
3018 3290 45
4511 2752 222
419 328 159
924 2826 34
6798 1253 30
3792 4668 45
11636 9177 48
36 6229 198
3656 11103 84
8842 5599 199
2265 11830 106
1187 12454 159
1091 12016 160
14468 12838 37
4314 13903 106
11020 1549 179
10366 4103 22
14060 12155 130
6785 2203 170
9501 11114 160
10535 12305 226
12895 13077 84
2120 8184 50
2841 277 13
1552 136 133
490 2591 103
13745 11456 89
3036 12549 15
4801 0 222
8360 12630 15
4936 9886 36
5011 6453 24
6992 6277 155
12599 5623 45
10399 9378 202
10385 6120 123
2177 3623 12
1189 12650 52
13552 2015 29
588 7301 122
1 75 185
3390 6624 201
11663 561 130
4336 791 236
4231 2143 39
3671 8553 124
4907 11802 66
1268 135 222
10711 5422 166
2064 2538 38
4035 4539 123
3018 277 13
0 10195 206
1052 3828 6
420 5137 233
5232 9422 215
11904 6025 15
8556 5744 8
3257 13822 187
12627 4997 13
5640 1661 86
11040 3004 60
4162 9093 192
4599 11604 190
1515 2801 169
12447 10589 31
6506 1416 86
5170 7130 17
11236 291 184
12800 8040 61
13473 1393 25
7837 7018 150
6051 7352 6
13533 5108 37
478 12599 39
6923 4586 36
1692 1552 13
7531 10260 22
5445 12372 190
4395 2282 106
1727 4794 12
13062 703 59
7621 1829 45
3361 13953 166
8400 1205 46
5184 9240 218
1657 9750 3
1270 10864 191
10167 14442 118
1490 924 34
5824 9372 15
1635 6555 8
1552 3873 13
2827 2867 130
2410 8168 221
10066 1251 97
12038 490 11
4416 2281 59
3141 4291 12
2238 2046 222
2590 1 0
7999 13735 80
7287 7077 66
9251 9961 102
13155 94 64
9095 4994 54
7039 3022 106
737 3290 112
7610 9693 183
1546 8831 24
12821 1089 24
7657 2779 38
707 10416 101
487 494 110
5791 793 109
12362 8620 98
10569 9609 224
1727 1260 8
199 19 58
5631 834 15
924 14197 166
13639 5172 15
6620 4071 136
6216 14368 31
5482 11130 3
3667 11582 107
4611 5563 183
98 626 179
1196 9335 232
4032 408 201
105 3028 13
14049 13503 13
11101 14181 31
8215 52 2
11090 10402 38
5336 10940 58
2501 3283 223
12929 10629 228
8339 7399 119
10099 5051 205
2581 14463 52
12630 5778 83
4157 529 29
9031 6422 192
475 644 59
11527 11633 20
11635 2590 236
11226 6871 126
7801 3403 3
13070 3997 66
1097 9046 102
10203 9467 51
9110 14319 12
10404 554 83
11294 1337 101
13440 5563 101
12542 3104 196
706 3257 112
3999 6893 215
1430 12773 31
8370 11876 175
3705 4997 59
8226 10518 15
3956 10443 24
6186 7136 168
3150 2172 109
2268 13022 59
924 5280 34
3226 3466 15
2366 726 21
9331 13755 163
2266 4787 236
1007 8252 3
9239 6437 83
10207 10518 15
75 7136 23
2655 4641 141
2881 1260 29
1199 5841 112
3390 4243 80
8746 12977 152
6737 2325 51
3109 94 93
4794 8857 59
6273 4739 59
2787 2595 30
10310 7515 116
1009 5270 21
11861 10292 15
3511 14442 118
3832 9310 60
1263 3793 160
8487 686 192
12580 3173 128
5218 7087 14
6487 6428 12
10260 924 108
4706 13208 224
6291 8048 130
2780 4719 13
1361 136 152
10659 7516 184
1626 1296 24
3231 199 101
7894 8288 15
8255 3104 6
14284 975 118
12994 6119 82
3979 870 1
470 11684 39
13276 14108 101
419 6584 152
13818 199 22
911 8171 125
7893 7657 39
5790 3679 3
299 1418 157
8130 11319 159
11537 4311 226
2306 9760 24
7139 5336 165
4622 989 86
2266 4111 38
6684 10090 4
3574 7790 155
4321 12047 30
5455 7817 140
4751 2932 76
6904 8016 62
6270 9415 40
10825 3701 28
14235 10966 58
782 8130 46
2779 10754 109
2666 5482 3
3722 5684 66
6513 1784 27
8841 7585 149
7192 8262 172
13031 1131 234
2938 5808 153
4821 1022 133
2515 1587 31
2281 4611 38
13521 7360 26
14248 184 189
404 2740 106
1746 5278 31
2443 5426 54
9439 14237 130
11904 6799 94
8819 11338 6
14272 10892 86
55 8497 205
4921 8658 144
3463 10518 31
13727 12982 58
8429 1696 36
7381 11817 8
5354 1388 184
1486 6101 97
2372 4302 66
0 4068 16
6570 1764 3
11408 14318 192
2969 1087 106
12582 3751 68
10636 3222 211
1140 5852 183
9602 13957 106
2728 1690 181
12271 12407 199
10496 8220 11
486 2849 116
490 5146 11
479 992 38
7942 13808 30
6419 172 6
8330 2217 167
3825 2715 30
6216 8841 66
6889 12720 52
105 9661 7
5209 10541 39
8980 8497 205
10518 4116 107
2203 7150 53
13569 8211 15
12033 3276 2
12365 8406 38
14468 6069 67
4817 4494 0
1094 11697 102
3100 11265 13
5725 11371 34
183 8103 189
4758 6568 14
14527 712 38
6079 2091 54
6636 11419 126
3411 9200 46
1665 523 85
7657 7053 43
13037 2189 223
447 7491 159
6567 5156 97
7018 8400 14
419 5821 228
662 4946 15
10587 12029 66
4253 10518 157
13347 13423 132
12183 9020 8
14427 8048 178
246 646 13
6296 12047 31
1570 7815 159
10133 11578 186
13893 10502 20
7726 6186 163
1037 4035 13
11457 13234 107
1310 3832 150
12929 924 108
9756 11663 120
2501 8454 24
14030 8488 107
5399 8190 59
11624 8321 17
14212 1059 23
7177 1259 32
7381 737 89
7233 7259 183
3758 8513 86
10914 10919 203
2523 547 31
5678 8159 52
4994 13198 13
1079 14527 102
747 6881 115
7982 4161 160
8510 4925 84
4922 4904 13
5673 13552 116
8957 11250 38
7338 101 86
5812 3076 39
2846 12910 124
924 8122 60
14181 1484 31
2205 12952 7
9651 12724 66
13852 7408 196
7225 538 196
6970 14276 149
5688 4302 97
9233 3722 120
1837 9904 48
13362 10946 192
8220 13527 191
674 7727 38
2529 5503 38
3446 1841 138
228 12279 179
13879 341 229
5080 13144 203
1361 11546 3
9456 3096 136
266 14288 202
8652 9492 84
420 7043 52
13420 4518 25
10435 3830 120
11558 1503 106
3141 3648 158
1665 12890 85
494 9473 26
5778 11815 84
8537 5679 8
2244 8483 224
4468 14140 62
969 2001 30
9805 11904 58
14052 7161 82
1914 2234 31
959 0 150
10907 2723 22
13032 11202 202
13933 11712 130
3832 12275 83
10567 4415 7
443 9823 84
14400 13333 181
2697 10166 224
8637 405 62
2802 8524 59
7212 13819 23
5963 11137 109
57 10201 201
10121 13985 24
4083 11408 11
2137 6186 192
11431 3184 107
1177 4219 226
8262 1593 201
975 6800 84
14193 7380 15
9496 14430 176
1665 3020 85
2233 1177 82
7161 8587 226
9140 6634 153
1075 10834 86
2400 4232 22
11125 4556 135
7879 3001 125
2770 6332 48
12038 13019 56
11040 4231 66
8988 14299 6
2653 485 68
8986 11600 98
8406 392 32
12598 13246 111
8778 1754 31
2734 11928 28
6306 7238 62
4641 3590 41
3605 99 164
8637 2590 15
47 8059 130
4045 1 102
9973 5905 26
11164 13683 32
14110 11745 154
7021 1486 38
14309 494 26
7132 8686 18
1296 2340 106
4045 9428 12
4416 1948 3
8603 8474 54
5682 4464 136
980 1123 22
4660 9443 32
5204 9568 127
9765 3243 58
5701 104 93
594 5065 3
8938 7846 24
4171 8228 38
13667 12555 196
2244 5938 97
5995 4977 38
14194 2667 109
10013 9391 24
3452 2966 75
6561 13515 13
271 7851 59
1566 13276 89
1322 6799 97
3649 59 221
5416 1227 165
3174 5448 7
5206 9095 192
741 10391 108
13904 6579 12
13696 9523 106
84 2409 2
11427 1603 12
5787 10383 96
10335 554 158
3433 11966 25
183 14518 89
12587 2595 47
84 4197 31
12681 5734 21
12378 5841 89
11248 9047 131
13003 1507 13
3104 7291 192
12220 7468 66
12729 13426 163
10469 6471 84
147 4594 26
7610 6106 53
13195 12796 15
13812 7415 25
4336 352 106
13017 10167 205
5502 10483 60
5209 6638 102
12330 13062 101
5024 6528 164
5984 10510 223
4095 14363 15
10099 136 157
5176 8190 58
9036 13456 105
490 8585 163
506 10518 163
10004 3100 58
11897 14047 22
3863 5708 32
4563 7145 55
10812 7893 87
8698 1940 230
13751 2326 38
3660 10584 59
5731 1442 84
10209 658 6
10174 14503 13
14044 5168 140
11846 4523 228
9678 2287 164
3811 14517 25
4842 3833 2
11204 518 83
11904 8737 62
3120 555 106
2357 7992 55
12273 8490 131
13128 8300 40
5993 2961 116
5445 1885 90
9393 10320 83
6975 142 123
14488 9870 22
8300 10441 1
9737 1418 111
4557 10854 24
8461 2250 13
13976 11750 58
1331 12521 107
1370 1581 109
183 10300 112
6119 33 6
6153 11931 51
1340 5704 31
12269 11810 107
478 4474 221
5595 13591 153
12111 12845 163
10385 10657 201
845 9697 66
433 1278 41
11966 5458 22
9193 10476 130
13782 6411 135
4598 3292 48
4171 13640 8
12147 1252 84
8092 1939 97
199 32 58
2256 5794 201
11141 10213 106
2186 8303 134
6443 10636 12
9756 9756 81
10834 9721 39
7590 10858 200
4292 11179 6
11180 8374 165
9908 14241 72
2043 7526 12
4384 8701 84
13014 12555 21
10698 12481 154
12540 13133 24
3408 13345 15
84 2502 31
3075 1380 94
10225 5790 39
4813 11194 8
3813 3490 136
14114 774 118
9479 7765 6
1046 2830 28
1422 13533 59
924 2386 166
7422 10807 59
924 13387 166
12530 7673 30
1304 10425 15
10557 6211 97
12369 7408 236
6396 3173 166
9961 9323 150
14280 13589 228
12085 4297 116
9121 8117 89
12379 3290 198
5817 265 6
13066 1654 8
11284 2436 82
10979 1450 192
10107 50 115
13533 909 59
13468 12947 118
8097 818 17
5180 6503 38
13282 2011 32
3474 11336 13
1311 3240 124
1780 2866 102
3701 13815 135
11904 8369 135
13125 12883 25
7191 463 86
1549 8224 7
6020 5623 27
183 5452 189
995 13897 22
6055 8722 35
2231 395 42
14046 6547 58
10908 1322 86
2443 11998 219
2979 3004 129
1442 1883 38
223 6720 159
2321 12241 39
1257 6027 31
7495 11430 226
10341 3819 145
4821 12567 199
1041 875 6
5829 12630 58
5051 5302 58
14537 11889 160
10078 11248 131
13478 8867 150
11750 6723 161
5938 11727 184
8303 13145 29
12951 8555 170
8539 8999 66
2990 10383 134
10567 3863 27
5108 42 56
10820 2368 24
3518 14047 59
13786 11300 66
1746 13958 107
1424 1207 82
4317 3222 211
10590 1532 3
12516 490 103
11542 10345 175
13920 10391 225
11412 7900 154
9926 12379 39
136 7777 92
558 6151 6
6306 1542 12
8830 8097 45
490 1349 103
3350 12270 184
12651 9292 90
3573 4957 13
4803 7958 207
6414 2614 1
3525 12379 22
11204 3940 32
13251 13358 22
184 2884 89
14043 1223 84
4513 6579 198
4791 147 31
7448 2385 97
5123 7999 125
4653 2143 202
8510 5420 50
4392 12738 101
2519 13328 124
3184 10499 46
1304 7272 135
1540 4557 116
845 2060 19
12890 7133 8
9231 8129 84
3967 11470 122
2512 184 112
8338 12049 94
9961 1320 84
2100 454 182
9466 11293 17
8505 12630 146
560 1812 94
8867 274 205
494 10377 110
4940 13145 66
3769 9045 226
10969 11103 8
12247 3318 23
5328 4994 236
11020 1934 160
3613 1445 31
9975 6952 175
8565 10232 6
11164 780 153
11151 1480 20
5968 8402 153
7 6086 188
485 4300 135
554 12593 24
9905 10686 20
6486 12154 184
291 12658 158
4006 10496 90
11733 9867 86
13139 12739 163
9162 4932 159
1301 1361 236
13753 14420 48
11570 2023 128
8218 10100 144
10824 13333 181
13464 4449 192
5290 3113 228
11663 6998 83
4864 4257 26
3999 10679 14
11953 6184 130
14527 2740 24
4583 6153 15
3111 6291 95
10567 1018 11
13745 2371 31
8352 434 85
9987 8717 30
3418 10043 6
10032 10545 66
8837 5000 50
12999 6921 158
2186 12773 164
9164 5445 111
12365 14372 86
8745 482 24
11609 9647 106
8829 5298 22
10825 3465 104
14411 7161 37
676 1514 6
1566 3100 29
10269 6366 228
9625 6737 21
14082 10416 150
924 6540 108
8213 680 20
4302 13166 116
7541 12041 187
3028 7286 236
13360 5225 163
10094 6910 226
11681 5208 15
13276 3647 22
13242 11783 66
5172 5453 205
3943 1713 0
2151 8793 86
5971 11750 50
12486 8013 173
8816 4464 105
479 6135 86
7707 1720 203
4623 11449 24
12289 3102 25
4037 36 32
14193 4149 30
4544 11625 114
8092 4136 31
10239 11406 6
1099 12916 159
816 10112 2
490 11228 11
2250 2339 3
559 9597 128
1144 5445 148
9298 6346 107
3945 1636 101
14430 7893 163
10946 2394 14
4721 863 7
9479 8313 25
1537 4287 151
8764 5122 160
8970 6521 28
5808 2169 116
1022 1408 28
5705 1542 60
8448 1971 105
12089 8759 18
14411 4445 179
2065 2754 6
13955 13748 130
12796 7620 22
8675 3299 54
8461 7657 224
10376 1599 13
11427 7951 22
68 199 101
2624 8720 32
7800 6831 47
7657 10461 3
8586 12975 13
9836 10623 8
10502 1158 1
4043 10193 35
518 8865 163
3569 12738 59
2460 622 13
7607 10754 34
6489 9893 224
9226 1276 31
1457 4370 183
7028 9982 101
11084 5978 153
11885 4714 136
1475 6771 38
9218 11226 39
1810 4922 109
4085 2501 83
4507 9227 8
8988 11903 116
4847 5928 3
2792 9561 21
1950 12436 116
7766 11227 95
1260 7342 224
4801 2215 45
150 8139 15
367 9047 39
4563 9204 212
14082 14101 222
10403 10513 34
14300 10675 118
12648 1265 15
4966 2990 34
336 1113 3
790 14430 163
7169 13751 11
7007 9047 205
1017 7080 16
9965 6907 13
10401 5746 94
5223 6816 13
8859 13734 82
2795 124 106
4632 6967 94
4330 10141 217
3473 13495 66
13335 3628 47
8603 5184 15
9756 2895 15
7657 1424 82
3120 5589 13
5466 7408 21
12055 2730 199
1526 363 131
9557 1137 7
1188 2290 42
11005 9047 102
6812 6067 60
11074 3426 184
11283 1942 109
7837 9910 153
11215 9704 58
12776 9095 53
14516 13531 25
4772 6114 115
10821 4904 8
2868 14241 117
11027 11793 123
5991 11040 160
12624 11109 112
1678 3534 116
2967 2866 170
9332 13272 59
10698 3854 205
2588 10523 7
1271 2780 106
12630 7192 172
87 1452 24
7433 9750 38
637 14208 54
1108 6771 8
14211 12052 15
12070 3778 232
4526 8198 15
2476 3836 8
1942 5483 136
7408 14179 39
4082 7495 192
5073 1187 3
1760 8303 59
1832 4680 160
9565 12173 13
4822 4027 122
13923 71 13
13700 726 86
12289 10062 25
743 11240 31
2050 10073 83
3466 924 139
9383 10359 164
12964 501 15
8330 5342 179
5239 1 17
8867 7161 151
8600 9386 136
6544 7654 12
8215 3495 32
4695 5171 28
8817 6816 133
11695 4464 106
1850 7893 199
14527 434 85
12343 12947 118
3552 11427 102
6423 7628 12
5975 6093 221
7837 2507 150
3150 845 84
9463 4144 22
367 1817 8
7607 3102 128
12080 14373 118
11310 13210 102
6561 199 222
2895 1845 230
6247 13922 45
3706 8374 163
14463 2276 220
6784 157 38
10157 3352 39
9756 5422 15
8803 5802 102
10758 834 23
7887 11363 39
9759 5971 116
13734 623 82
8579 3723 59
6317 376 24
4092 1280 193
8587 337 168
2925 676 8
1705 5229 2
10007 572 1
11621 6295 16
5089 3243 54
12461 11655 106
478 4045 152
12630 9031 117
3109 8712 120
11718 12730 215
1587 5426 31
3512 2562 221
134 11642 175
6317 11548 66
2416 2015 193
13371 4537 107
11461 6095 85
4488 12050 80
7121 11246 187
8709 13466 15
3978 2249 116
5565 9650 191
10620 3474 15
2644 10623 134
5007 10487 159
3258 1361 224
4198 4914 15
7551 2879 66
8565 9083 86
1334 4224 48
2203 6359 159
4644 3836 96
9773 10820 106
12822 666 153
4765 4059 14
12853 3811 22
895 1541 6
4450 3218 6
352 14443 31
11303 8710 160
8300 5718 12
8048 2827 180
14418 1139 31
14438 11208 25
9765 14521 25
1978 3021 172
1885 6294 103
12624 5085 188
14418 2175 43
10547 8428 181
249 3481 230
105 5816 3
7893 8830 31
4026 5631 226
29 7369 214
3305 5563 59
11589 13040 62
4866 147 110
4412 9242 184
1924 7289 84
1615 10715 162
6978 3979 17
5406 9164 66
10928 1418 54
9625 13087 199
4399 147 31
5828 5001 66
13972 4208 109
6331 6381 3
6161 3705 44
14140 6184 29
5812 2812 155
4211 2871 109
13844 3967 8
9047 2528 18
6980 6186 194
14503 43 66
2057 5479 122
8640 42 17
2989 2012 9
9909 9267 31
13843 10263 125
83 475 32
450 10263 104
10144 2958 92
1253 740 3
434 7045 85
4490 2573 38
6884 64 17
8941 12492 2
8374 184 89
2375 10909 7
3232 378 2
7396 9712 21
11665 13874 94
6095 115 38
3187 6277 154
352 7043 24
9298 466 107
12225 7390 232
1678 1091 123
6639 4764 15
1728 992 12
601 12630 23
10920 5829 159
12937 1068 12
7797 9416 38
2849 2115 13
4763 374 23
11167 14343 123
5738 3081 7
3737 4922 106
8480 1097 183
4922 10115 183
8566 3435 66
11430 13953 58
3290 8700 228
3027 1597 102
679 6301 186
13859 6453 31
7059 12634 62
5956 816 185
8004 3374 8
10620 2646 66
3077 8972 105
846 6980 153
10965 13801 7
9693 5664 186
10099 4004 147
5426 105 224
10742 3278 202
4113 3306 102
9948 10299 3
7991 13833 122
9760 2238 66
434 12773 85
2855 12626 39
12296 14082 62
3105 4303 159
1652 1343 66
10211 1481 17
1158 11014 8
3032 4448 47
3705 14080 102
42 10028 154
6608 9721 2
5569 12730 95
9928 5292 17
18 8881 116
11423 956 106
2644 10623 177
12624 3613 188
3941 9708 202
9235 12420 207
4132 5293 2
9290 1065 32
12104 8484 187
4494 11904 15
7475 4612 59
9592 9597 234
5087 115 58
9291 5158 38
6196 5516 22
7133 9756 133
8817 10126 1
11451 9234 7
9176 14405 52
13533 6186 37
7489 12653 83
5538 5724 147
12182 9281 143
2588 14418 89
4997 1881 26
8334 3830 86
3769 8373 224
6204 9585 12
11489 1467 192
5525 8385 11
1044 2748 143
6250 4464 38
2704 6084 2
14092 10770 22
7716 7309 27
14042 659 32
12337 5740 139
3498 1727 109
10103 2413 66
5016 6487 152
2207 10753 226
5365 8910 55
641 1832 84
1325 10914 224
7149 3605 164
12582 3028 15
6267 1124 185
8781 484 164
2407 8097 7
12818 13792 159
1044 8888 38
13276 12290 58
3898 13276 62
9265 220 94
2550 1914 195
1625 2659 93
6531 14254 25
4278 7798 116
9982 1119 112
5476 14423 172
6395 7007 133
5758 8594 22
84 6277 31
13945 6573 19
12682 2087 31
10209 395 3
14488 737 113
7381 3273 58
9787 6355 50
1057 14283 130
3825 4002 14
10601 3465 17
14090 5365 38
8406 3124 7
5715 7707 203
9734 12452 167
10654 13102 153
6154 6537 45
14511 5313 215
9706 1059 31
5597 8970 37
3715 924 60
14430 7103 163
10619 2600 13
757 8059 179
11122 9159 107
13610 7657 66
3358 7377 201
7208 2575 3
11053 56 8
14183 11784 61
707 6995 11
10340 10174 14
10175 94 35
13830 1340 28
2879 7688 54
2809 6973 116
5470 13844 38
1172 3107 15
7127 8773 50
8000 5768 63
6582 3259 84
727 6114 115
7264 301 45
11827 10913 56
2355 5767 30
540 5000 111
5741 4162 153
7743 5878 25
2286 5480 14
11904 924 166
3695 14178 43
11904 13106 62
4026 3173 22
6763 2265 39
8374 12331 131
4219 2477 21
924 13300 118
14364 2098 30
6925 10679 59
3289 13839 212
11784 12630 228
2186 11516 53
845 8841 86
8954 6533 40
3046 4822 184
11122 6424 38
12164 12172 130
3197 7635 154
1410 3933 159
11745 4123 83
4231 3095 106
9147 14406 22
4094 628 109
3341 11535 192
1301 10444 86
6079 1514 150
11563 14013 37
12582 9240 130
7791 7894 28
7587 6107 20
7727 11576 30
13844 506 177
12080 3181 112
450 4448 157
12381 7383 158
6517 8806 123
12044 14355 187
4955 11185 3
2754 11250 117
6815 12641 31
14408 1182 226
12052 7130 17
6326 7765 159
7186 2826 13
10276 10366 181
14224 5257 131
7940 1503 186
7374 106 38
5658 4226 31
4546 12295 133
9478 11793 26
6152 2389 39
9341 1447 158
3705 1944 22
6073 924 60
14452 2715 172
12264 9572 83
6054 6453 31
8082 8978 207
1837 8374 88
7135 4078 153
5888 301 236
8216 12225 100
12780 10579 131
3173 3299 212
12982 12893 7
924 13739 60
10527 2242 17
11253 12330 106
11089 14205 26
395 7982 199
6438 2525 22
3356 12742 12
9063 7104 43
147 10926 26
9375 9075 6
705 6382 59
2514 7214 102
3361 4392 194
3798 6332 226
2820 365 7
3430 1244 230
3762 11370 13
13903 5480 106
9838 5209 69
2553 6186 38
3410 12834 38
12777 530 54
352 6875 155
13488 568 106
2376 12788 83
3380 13900 80
1665 14122 118
12603 9713 153
13987 10790 111
3557 1738 226
10644 6205 82
5138 9762 62
12773 10750 84
12459 9528 23
2515 5592 87
13640 12364 212
8833 6154 22
2172 6991 12
5033 10241 83
1503 1394 131
4523 3868 45
124 11614 136
5963 8267 47
13434 7448 66
13206 7701 38
11653 8829 124
3582 8202 13
5658 8935 59
6579 4941 102
11947 4004 116
5710 11718 192
11178 9028 226
10041 5844 159
3351 12123 86
7823 506 223
2560 4080 84
4073 4422 106
5499 686 12
11644 2701 20
11365 9394 207
2012 6322 191
983 13767 17
8049 2966 141
6593 3503 170
7657 1585 28
3362 457 199
36 10840 139
11826 682 136
11180 7094 3
6768 13844 105
6993 1091 39
1746 11755 114
13019 5043 45
6531 4392 15
10079 46 30
5122 4664 196
13148 12630 94
6175 9298 158
2881 42 174
14098 4722 124
6579 4117 38
12991 6628 232
268 13922 215
53 13684 88
7717 12383 181
14506 13450 25
3866 6544 102
13268 4486 217
13741 14098 89
879 12495 15
6722 2420 3
8812 12668 177
7706 10227 226
13991 9495 27
9176 4519 191
5245 11118 107
10375 7210 18
2247 3965 84
4413 873 124
2214 8578 105
13160 14494 215
3446 4922 66
7492 1732 92
3020 7657 39
2023 4870 34
3883 6154 22
658 8879 107
2955 4800 83
10642 6683 223
4467 2885 8
7954 8433 165
2545 6334 119
10589 759 19
9283 13141 86
13085 8454 107
13031 1512 213
6584 7104 152
10662 449 135
9609 1110 160
10645 14442 80
6937 1518 7
13426 8596 163
2456 11074 82
3222 5268 211
5172 4034 48
1258 4945 116
470 4834 82
7324 2339 84
12313 9275 38
13106 6928 106
6438 6254 12
277 11931 13
8745 7887 66
13998 7065 126
8406 2066 7
8667 7559 48
9518 14434 59
12883 7001 94
10159 6296 99
14463 895 59
11893 8634 89
3884 9926 1
6661 1059 65
752 1173 184
103 5878 38
10291 13488 83
12068 989 38
4837 10567 11
8078 7951 38
4128 1829 175
12912 14528 59
5326 5209 58
9134 333 86
3176 5318 221
1503 14092 86
2806 12443 66
8374 10004 163
7491 10821 66
10496 5812 156
2906 11864 119
9054 6002 145
12322 13796 30
4411 13929 56
592 6135 83
6723 7740 161
4864 5077 26
4270 4946 17
6055 1057 68
14043 13560 158
14452 3876 172
9550 6652 38
12774 432 212
726 3838 184
14395 5451 26
9056 12407 53
1059 12333 42
5499 605 116
13877 676 59
299 8111 177
1781 3909 186
13658 9901 214
4523 1503 39
12409 11887 61
7523 1829 9
9330 8102 46
3296 5111 35
2440 7862 30
2260 13926 97
910 2063 66
1992 3173 84
7127 6515 38
4035 10544 38
3766 23 22
1667 4158 109
4085 84 2
13415 3950 90
680 11633 20
5128 5142 20
2973 8888 59
9756 4468 133
9924 5464 163
3402 5015 7
9396 14192 30
9201 9822 22
924 12726 225
11292 4840 58
6757 4043 29
183 7423 189
9721 4942 31
1916 4300 41
12360 92 18
2137 10429 45
3784 8081 160
729 13037 84
6881 450 77
5356 199 52
2538 5323 3
14370 7588 187
4590 2613 154
5578 9049 86
6079 9717 66
9405 12939 12
8630 8508 12
2367 199 22
9376 136 107
978 11811 220
12100 4928 153
6978 8196 32
9987 7012 38
5808 8712 156
5517 5034 38
9961 10760 107
3243 6816 15
7676 9734 66
6836 3202 19
9948 14156 6
4095 4440 106
14512 9233 118
5168 12151 1
4380 2970 6
12982 10567 163
4168 6707 106
11934 9031 113
494 1541 26
13488 12363 13
4842 13422 100
855 157 8
11427 3706 41
8980 10111 84
7751 13324 58
13467 10554 44
3886 10377 12
12630 8048 36
924 11783 225
4944 1264 66
6081 14036 82
8842 11174 8
1718 6206 3
42 8240 94
3446 12818 81
7086 70 2
13595 2143 24
7682 1999 2
10733 13924 62
45 70 155
11055 13624 2
6528 10560 42
8963 4964 187
301 9089 48
14422 2982 118
8736 3194 106
567 3541 99
737 7254 113
2095 8051 84
10645 13685 67
1514 1 196
1502 8220 13
5817 6822 7
2349 3941 116
3890 2861 106
3226 10768 60
12656 9325 212
13745 5611 12
2734 8585 15
9516 13361 88
6778 9334 158
13494 8387 94
10864 14368 107
9572 4557 153
6423 466 39
9107 10515 2
9357 12978 30
7657 4749 8
359 981 159
10337 6557 6
413 11122 31
12759 2906 2
13881 10812 221
5501 10864 51
4494 13611 127
906 12661 145
7007 10737 150
7940 7149 100
199 10141 217
14487 9233 179
12644 44 82
921 7657 45
8748 1786 28
12938 11221 158
14116 11904 15
14217 11316 170
3100 5223 28
236 1717 165
9089 568 106
8931 11603 146
11640 9176 191
926 1835 61
7950 9393 20
10117 4612 39
11171 13014 22
4487 910 38
9430 533 13
5507 10864 51
13988 11310 39
5942 11957 183
7746 134 138
10104 2821 203
14480 3226 180
4085 10377 11
5022 10258 159
12661 5963 155
12241 4175 48
1059 2069 228
11255 3104 6
7808 5466 31
12099 1903 8
11334 11033 192
1659 5922 221
7030 4558 39
8205 9836 26
2981 4510 129
11611 4978 20
8118 12404 12
14469 9275 25
11439 1 61
5746 2825 105
3446 10252 38
699 1817 140
1435 12977 15
12179 4505 153
8564 13468 2
8187 4925 122
2590 8948 111
7790 2595 15
8049 3177 102
5816 1524 192
9376 6817 19
6793 5616 56
7411 13728 46
13555 13384 199
50 494 91
13527 14420 191
13296 9967 59
13102 2677 1
5966 8376 31
1327 6498 97
2220 10141 22
4388 4399 183
11880 12630 58
12979 924 108
12186 9949 6
4020 5548 7
13510 12052 3
8334 4488 38
3806 1110 199
10409 5044 38
2460 6968 97
3149 11593 153
64 9460 181
287 12973 152
6270 10685 54
891 6206 226
8725 14304 133
14271 9412 200
2600 7179 100
507 6790 46
199 10620 58
14420 9708 83
12241 3160 39
6749 2401 189
7837 3312 8
9099 11118 84
10142 13061 191
8802 4600 59
1101 10434 50
8254 1320 12
11574 12210 38
989 3163 147
7840 3598 84
13805 13468 109
1376 7408 13
12738 1602 59
4013 5658 59
6281 6345 2
591 11609 213
11998 10166 225
8950 7608 80
11008 5503 2
11660 639 7
147 1803 26
8721 8365 14
3974 1988 50
4133 1624 93
3488 3080 6
3852 10567 11
2654 2487 6
529 5077 114
10039 11666 18
1203 3304 162
14367 5954 66
6753 7525 42
8725 8776 152
13327 13446 82
8218 4043 29
13945 8287 8
11070 4201 68
10954 974 83
13784 8677 133
2033 6589 163
70 12489 38
8402 12134 164
1842 12646 101
3471 1513 19
10153 3257 86
5812 9782 66
1193 10196 22
4263 415 96
7942 2381 158
11294 737 113
12381 3111 61
3064 1321 130
924 9410 139
737 14183 89
4333 6326 102
1381 8803 12
4807 12924 199
5226 6638 2
3435 8932 58
3839 4483 54
2740 12407 83
12582 5013 32
2754 5545 17
2806 9369 12
13961 1030 212
7161 4599 224
1573 10926 62
6458 9378 94
11270 5473 13
1242 5029 58
7837 4219 3
494 965 26
10702 5778 43
6398 4641 170
14290 12712 94
13005 4817 12
10434 10525 68
9905 3631 136
1881 11007 165
2804 10851 39
1134 12943 194
1044 5223 32
7798 494 31
8293 14455 106
8770 7800 65
1410 9109 39
14112 11663 63
9678 8551 38
13815 5808 11
5481 2906 107
7570 1767 129
4778 8471 32
1732 4990 138
5280 6993 102
5336 6028 6
3383 8915 226
13132 6676 15
8656 3120 13
9323 5980 24
5108 3426 106
13527 4994 191
8034 5084 37
2501 7893 203
6740 3825 111
2140 2091 152
8297 9712 38
742 12893 32
14486 1978 217
3151 1263 136
1015 2037 58
12846 13155 132
4006 12202 13
10222 12980 168
11684 12980 133
2770 9520 28
501 12491 15
13983 3999 51
12861 6379 119
14508 5476 217
11079 6648 183
11875 4523 192
9779 5965 21
6370 11755 6
1547 2982 20
635 7887 38
3825 1966 14
603 4563 55
13718 2557 220
7977 12193 127
13415 10215 165
6217 4246 106
9597 125 101
1202 1706 21
12918 3863 32
523 8194 1
203 2655 164
772 12687 12
9235 11066 226
11099 703 190
1443 490 103
8745 559 39
14481 12310 17
5520 9134 38
2472 3145 188
4070 3715 116
1746 184 112
7787 7018 203
8695 13178 202
3610 7498 38
3927 8458 116
14488 13373 15
5171 13126 20
6263 302 206
3351 4656 186
13175 6218 158
10791 136 31
14135 2023 25
6180 6643 28
14510 9547 118
7259 10024 31
12862 10669 116
13175 4928 107
1319 13845 59
5462 14044 155
1765 12105 17
9706 14265 2
6631 4452 12
3474 3560 236
547 3008 59
8215 2491 32
4348 4922 30
13880 9310 38
8225 560 12
12658 8791 152
5975 5976 190
6790 8870 84
1142 1382 12
5337 13185 39
1016 4522 179
12337 5689 127
6483 12118 13
5494 8102 8
680 2109 20
7798 1351 186
10232 3602 116
14113 4957 178
4054 6799 186
4172 513 93
6083 163 77
5441 14317 159
1746 10513 31
3618 2682 160
12683 6682 153
490 846 7
12643 7720 222
14318 183 89
1175 4157 3
9423 10620 15
658 3009 192
14156 4634 200
980 2270 26
628 2117 102
8827 11904 15
710 6279 191
12318 13333 182
10843 13276 220
13856 8756 13
210 9771 119
13976 9030 15
7134 478 12
7833 9111 8
5740 14267 158
12051 9129 159
494 9325 110
1914 9405 171
12526 10266 59
3912 8454 59
6501 3302 112
3722 9335 133
6195 2538 26
6339 7087 8
3360 9886 130
11463 11100 26
8215 12634 32
8033 14464 179
14212 14259 25
1514 14175 113
494 12797 91
7620 14355 2
4216 1769 12
8033 727 226
7895 359 6
166 1380 12
10108 6317 109
2735 463 201
4467 6423 144
4866 10518 65
14128 11532 131
7752 1059 157
1786 3318 199
5548 3725 7
6893 10483 159
4211 11176 83
184 1954 112
1793 4583 90
1502 12419 13
12404 12060 127
14470 136 23
1306 8215 11
10791 10174 194
12204 5182 83
4171 3234 192
11857 12113 116
6556 5088 3
1323 13870 112
1366 9920 50
878 993 66
6975 14227 20
1622 9231 3
1091 42 157
7800 2764 102
5957 10908 207
5606 10476 233
11893 3722 66
7876 602 58
11001 14461 187
2792 1523 8
11137 12289 25
13801 8406 83
5740 1184 3
13655 5221 20
7178 10636 77
7660 1388 186
8776 13426 163
1125 5015 37
3426 13745 86
13019 761 38
8329 10851 66
4096 2739 221
6575 8791 193
4486 5287 146
2366 9736 119
2250 13417 215
4157 2358 134
13131 924 166
14425 5900 25
157 14212 7
494 7844 31
2023 1836 166
13242 2137 47
1131 13304 104
7317 3869 7
11989 12494 214
7348 708 192
3835 1922 90
2162 4720 20
540 5956 13
6200 7657 39
5937 9623 203
783 3574 7
4888 5721 172
6317 8721 97
1587 3694 130
4706 109 116
1188 6044 109
8492 3312 12
5015 1652 62
3072 11528 15
14261 8233 83
11136 184 89
2371 11080 24
2250 9226 31
6959 11684 111
2250 10197 112
6348 3301 12
13945 4882 12
73 3941 12
13211 8969 31
6722 7186 66
9831 13888 25
9764 1269 136
11143 10876 84
3426 10232 97
5778 13190 135
7947 84 31
6025 12684 18
8795 10127 145
3205 1114 8
8857 1765 173
5086 12988 226
9292 1124 232
5087 2787 2
5359 3446 165
2634 2338 173
12780 2870 214
9886 1236 130
12365 7408 8
4330 14002 68
1979 5855 117
7171 4092 30
5916 5499 24
8216 3052 12
187 5942 2
14530 10058 68
2780 734 58
12569 9756 15
3031 2982 113
4083 3793 39
12105 11580 154
3755 6205 149
6582 429 158
5652 3998 211
937 8170 13
5258 11511 54
8225 1537 202
3280 9338 96
476 9375 32
4774 7455 173
9478 1923 136
1279 13326 59
3730 5365 14
5482 12358 22
3292 14488 150
1566 7447 31
10982 7031 153
10854 7789 87
1503 8170 106
9874 10061 158
1418 8073 15
11891 11020 38
12734 1 150
269 12863 83
484 2203 82
4448 3674 54
14495 11549 31
8374 13639 88
7230 9047 182
13206 5854 226
12796 7429 185
3426 4464 106
7491 3441 24
6377 6550 164
8254 3032 31
10944 5976 15
6079 8330 66
14227 14515 80
13414 8151 126
5714 5955 173
9319 568 1
5492 1236 7
1934 12712 13
1436 6890 38
5354 12599 38
10298 8090 224
1475 9752 211
12801 10926 126
2308 10900 88
11047 3744 109
3707 13361 115
3898 7204 48
2861 4064 224
11727 3181 189
7199 9731 39
12569 10004 58
1439 9478 97
10135 10425 24
11280 13851 220
5382 8482 27
10518 8979 15
7794 13594 105
1643 13426 59
7992 13496 164
160 13477 101
5464 7468 222
2338 8845 32
9961 13139 199
6095 5779 196
13426 10004 163
4687 8149 220
4448 1898 48
5223 11429 103
3173 8479 21
3942 12449 54
5391 1418 122
1978 4888 172
6160 5022 38
5936 3714 102
12805 14213 43
450 1 150
14227 12020 80
3562 4578 184
1210 2174 59
456 7259 97
1156 11904 94
5334 7046 139
3246 3991 122
84 6345 31
12644 4114 138
237 13657 33
9801 9650 210
12824 3365 47
2319 135 160
4297 12728 175
8003 6861 230
4224 13426 88
1340 4696 21
3755 3869 47
10168 3590 221
13202 5484 59
12453 8048 130
3446 6069 198
8118 6817 15
10043 7657 8
450 8898 47
6894 2232 20
3104 872 23
1282 5548 30
12730 11122 80
13502 740 12
4045 109 116
8205 7416 145
3825 4496 15
7611 9797 84
11904 924 225
14516 13318 25
9156 9392 212
14267 1962 2
3328 6700 2
7288 9364 54
4752 162 14
8712 11040 86
14420 6752 222
1978 13188 172
1264 3485 193
5769 8011 86
5798 5237 117
14243 993 82
5545 1532 3
5426 1435 202
8353 10345 175
14165 9789 25
6238 1799 102
9899 9443 83
8675 10165 153
840 14156 102
6682 2987 164
7276 7408 21
4708 6654 48
4743 8932 58
12875 6608 38
1468 8300 116
7657 3390 31
2588 3104 143
782 14108 140
1881 11758 165
11499 1041 2
8927 654 1
9176 3068 52
8585 5457 47
2282 14517 25
4599 3806 54
32 13345 58
3045 183 189
12893 14459 25
14016 14488 208
5406 3806 222
4837 1885 7
62 10864 25
768 13611 38
494 1303 91
10267 6026 12
345 2163 30
4486 4528 39
9443 1676 40
10909 10657 102
12067 12587 15
9380 3787 84
13063 10616 32
3307 11019 102
5758 12408 83
1959 589 41
4026 1 60
8564 1719 2
3426 12104 84
11617 12912 66
9705 597 57
4083 3897 199
8478 1885 103
6483 3871 122
12995 12132 106
8155 12761 153
4029 7063 199
8912 783 102
11405 13276 206
14241 11761 80
5488 13575 24
14005 230 102
11955 12114 94
11801 13964 22
84 4092 31
1576 56 224
6055 13276 62
12977 2860 106
7775 12707 207
10518 2902 42
5207 5978 155
13009 2634 12
6444 2614 86
4168 2806 106
1087 1502 66
2033 6279 163
2672 12525 20
878 13897 135
7339 5548 7
14133 7415 25
924 6487 59
3577 10441 50
8116 1993 7
3868 10695 45
12386 1842 128
4563 3090 212
13485 13571 37
105 6766 7
5516 6098 97
12033 1075 6
8374 10573 88
10495 12268 3
7893 12334 83
12560 5426 135
3420 554 0
5021 6322 203
1713 9080 58
9743 6300 84
8184 4842 13
419 14359 154
6368 11941 101
9502 1392 17
6020 10268 27
13413 104 109
5816 8609 2
13862 7491 149
2663 3481 21
11586 7657 116
3741 7119 170
8100 13175 58
1199 7997 89
14123 14002 118
1141 6338 31
2842 12341 59
8056 494 110
10734 14420 152
11724 873 124
4712 2394 133
2518 9788 112
948 7837 209
6643 3362 58
1900 2799 19
1071 2853 46
12244 6693 28
9869 4703 8
423 597 86
5182 13121 19
11296 11415 159
13377 1696 26
3930 132 196
11294 187 150
286 9075 48
8717 1934 19
3969 2590 2
9756 14399 124
8677 7007 222
1189 3446 20
7642 5445 66
8590 5767 12
5767 10854 86
7395 5808 105
940 5925 179
8804 1067 164
13497 12372 106
14488 10581 138
14097 4589 32
1305 8348 114
3039 43 109
5859 92 133
4189 13903 106
10176 13265 38
6887 13016 226
9721 4979 37
8048 8723 36
4746 8170 86
12407 12522 160
2726 12313 222
8635 6824 127
13503 3339 106
1274 13818 38
11904 11101 15
11589 5013 48
1564 12796 86
4656 8941 45
5767 12229 38
12875 5976 37
9412 11080 24
24 5514 62
3196 1071 32
1918 522 116
8773 3537 181
5727 14299 107
12867 4965 106
4698 5946 145
13354 3619 101
3277 13231 94
8194 7253 68
7149 6295 159
11185 14362 124
663 2033 153
281 901 179
3341 5025 8
70 6242 6
10004 8374 88
12569 10643 18
10851 10850 122
4759 8564 66
6966 7787 38
2321 14317 17
3207 8438 159
13490 4157 37
6575 11485 30
9641 8168 33
2656 2564 53
9957 7830 159
2089 8117 189
10112 13069 102
1131 5752 134
13300 5081 118
8612 7076 8
11527 10789 24
13415 622 62
1503 9792 184
5520 10567 11
5804 10527 3
9012 7597 6
4590 6616 129
2512 7119 82
2156 2505 38
10921 5784 31
163 1643 38
1859 8635 199
11890 494 110
4545 12991 131
728 12000 188
1786 2034 62
8938 7586 134
5660 2425 162
8433 12164 165
4363 9961 165
3240 10758 124
13208 9522 102
7310 9894 59
11880 9965 202
554 5662 158
9579 1140 8
7142 4168 18
6234 5081 183
3173 12653 124
6515 7793 6
11234 10511 188
726 12268 41
8158 12070 56
1853 2491 22
5669 10396 31
11371 2982 89
11669 147 110
10299 7387 4
7376 236 86
11169 119 206
6896 2629 192
8858 3529 33
4077 1163 54
1803 3450 106
3718 3694 37
10360 13256 30
9364 8725 152
5716 218 184
14254 11569 25
5223 4726 12
2477 2848 47
3446 466 107
2340 14005 132
9995 6847 226
1146 6478 45
6608 1294 8
8781 1439 47
6963 3728 6
8118 6126 66
12112 9365 186
3742 6896 38
12320 220 106
6737 2813 109
3873 1043 2
8561 92 28
8300 11887 80
3274 13626 152
6130 777 39
147 13424 107
2037 1227 165
9987 13086 26
11515 1461 170
12779 163 31
3658 6095 229
8406 12347 224
11663 13276 167
9180 1373 66
7607 11994 128
14488 3120 228
13333 545 182
975 436 17
9254 7423 66
1058 1409 31
8474 1924 106
8507 9323 106
3151 3352 162
2891 2490 184
3825 12848 155
3248 13721 136
11246 6603 6
592 10776 58
8477 5710 138
1621 2966 155
13276 7837 22
2266 6306 69
12044 3525 12
7957 8215 7
907 157 26
7646 13991 103
13530 6039 22
6980 13973 94
3844 14112 22
9102 8277 2
518 8644 39
3299 1131 212
14311 8691 39
12208 12826 225
5795 3300 186
5122 6283 175
1702 2203 38
4226 9401 84
12491 6180 144
12712 12033 80
10085 1415 213
1765 5682 26
7715 5573 101
9409 10286 198
14241 6159 16
983 1576 37
987 10518 219
5623 13644 196
2308 8915 179
11369 2250 24
1357 3446 22
3439 1693 230
13888 14149 25
2811 607 152
4848 12734 228
12162 11927 39
3027 6232 97
13837 13991 103
2245 9289 109
460 5359 19
13276 11946 62
7933 1606 97
14026 32 31
7657 11927 24
1979 937 169
14495 7412 2
3299 489 55
13426 5729 59
14005 4297 66
2500 10718 8
1793 8376 90
7833 105 47
14045 7607 34
1314 11793 80
7837 14095 83
4089 8450 220
13533 5911 37
434 1092 85
11044 7253 54
10864 6568 203
10238 11649 40
6346 985 31
14494 10825 215
1373 10157 194
3257 6170 38
8406 1038 48
1131 9662 119
2860 2849 106
4522 7893 160
7590 2395 66
2743 4837 7
2385 2512 41
13552 2058 123
2590 11040 15
12104 135 144
2753 8921 6
14204 11931 226
27 13514 66
13856 13470 100
2252 13049 200
10697 1141 66
4117 4231 156
768 8762 20
6038 5207 24
9310 13419 24
7986 11412 86
12247 4005 220
5377 10915 22
1449 6953 116
1114 11410 24
12381 11233 207
1166 9283 38
10965 2517 182
1334 5976 66
2588 13194 87
9203 12773 6
308 74 31
12966 12637 24
2895 588 15
7887 5091 8
11550 3879 199
9204 9861 193
804 14307 12
11412 434 161
1236 13159 22
8448 3464 127
210 10117 202
2385 10954 39
168 9551 97
7319 4257 13
6145 1300 202
1677 5476 68
11100 10989 199
8187 2015 133
11007 11497 114
8198 14475 131
2359 12115 12
4875 395 236
428 4631 191
10190 7891 116
8736 1832 21
11992 4925 66
8419 915 159
1884 1129 7
658 9752 159
2544 10567 90
11633 7110 68
13527 7563 191
11861 10587 194
8667 2859 16
5591 13276 127
2512 2238 48
12148 5492 220
8867 7128 15
4468 5703 198
3808 766 106
12495 69 83
6100 12916 19
4623 2254 194
11567 11915 194
743 13304 38
8217 1172 228
1373 13466 15
3714 7908 38
9756 4836 108
5543 10988 47
8919 12802 83
12440 94 25
4033 6259 94
8500 6191 21
13901 13900 25
494 4994 26
14100 14325 39
13628 12358 38
69 68 51
363 3449 18
5824 5348 127
4089 4498 183
5727 9234 31
11119 2274 224
7830 3707 94
11282 924 59
9800 105 28
7894 246 48
8406 807 59
5558 494 31
3248 3307 102
6485 9412 12
11194 3248 1
8837 10769 66
8470 6366 68
13066 3930 192
4487 12668 102
4653 543 19
6339 11473 82
4259 7186 21
532 3811 61
183 2899 112
2239 11040 66
13416 1181 202
1509 11118 31
261 3390 30
11592 12936 86
11783 6052 3
10730 1059 107
2091 11248 163
4877 3021 87
6927 6206 59
6374 14494 214
6317 1259 59
1124 10620 100
13840 12700 130
12157 342 26
1502 3197 199
183 11625 112
11460 11294 24
11704 11099 224
13533 246 38
6623 12538 81
6025 6277 203
11680 8602 39
9047 10481 88
11008 5245 201
339 8244 219
13796 6812 3
3163 6860 3
8410 7008 123
3590 10370 8
4454 7119 117
538 13893 23
2982 2946 113
11663 9903 113
11919 10939 132
10628 1746 31
9478 147 91
1719 7187 83
8402 8704 7
274 5975 221
12560 1575 133
2091 8977 147
7707 1986 191
12367 13396 66
14098 84 107
12085 9266 47
2318 3863 32
9870 9649 201
1640 2684 13
2024 6521 235
1913 11331 15
4801 2679 163
1930 9118 143
9520 3432 15
3849 837 38
6437 2966 31
1436 13752 94
4232 1276 106
420 8244 234
8516 4125 12
14427 1405 163
14457 12632 199
4168 4334 87
8303 190 24
10417 3046 42
5007 10151 86
12630 14178 150
13335 4761 102
2742 7630 109
12773 9651 189
9917 10659 109
7433 4922 106
9576 9110 230
12355 9756 62
11326 105 15
9541 6366 68
418 10789 13
9127 10552 175
8175 7780 186
2472 6027 48
6198 3649 181
14276 474 236
4109 9386 162
7925 7319 24
8067 5821 3
12845 6643 131
1378 737 113
5747 9721 2
9089 11062 199
12579 8866 130
11187 439 192
6647 2722 35
1722 13332 204
9645 13027 101
4623 6966 140
12206 2860 143
4170 3679 93
12802 4409 38
1841 7765 207
1744 14082 222
3173 7844 207
3769 3173 3
4509 11294 102
12648 3669 24
1418 13043 94
5878 3518 59
4992 6056 86
3160 870 66
924 1604 166
560 4809 12
4220 8348 7
6576 9943 62
3062 7354 207
5406 9861 133
1591 8121 187
1340 13175 24
3552 8219 27
4300 199 135
2062 11461 85
485 9965 83
168 9510 106
10567 12486 27
4897 11046 59
6159 789 16
13296 14082 163
2439 6817 177
14098 3825 86
6054 8569 34
2012 7415 168
2250 11931 2
924 772 34
11359 866 62
5214 4921 3
3079 8333 20
14510 4404 118
4111 10976 136
10899 14504 138
10377 2477 38
8394 7192 89
12252 1552 205
6655 14495 53
1 8841 150
12834 1 207
11204 1144 106
6563 12070 84
6184 14197 83
184 4031 26
5195 11255 32
13468 7470 2
2895 14276 39
11724 9176 52
10854 12077 85
2792 5536 38
13440 9002 198
6549 13894 163
6871 12421 34
14436 8014 118
8477 11461 85
5284 11872 109
9022 1842 34
7608 13468 67
2413 2377 6
2250 2443 6
14005 4977 160
14241 11621 48
10555 13426 163
14118 13924 127
3464 12074 53
1807 8770 139
13815 12947 118
241 84 2
4925 13036 83
13942 924 128
6306 13838 11
12144 11089 6
4089 4277 13
4111 12097 32
7476 5463 86
9588 10518 163
6299 6489 106
12630 8283 199
924 12420 166
2640 302 174
5545 1803 24
6499 13880 6
12513 14383 25
1314 11431 159
4866 5055 162
5816 794 224
5791 6514 192
13375 13206 107
293 14407 16
6894 9293 94
5029 9837 54
9502 708 45
12796 13921 86
470 7182 2
12893 3655 12
3912 2042 6
10988 12599 229
8330 9364 102
4024 2414 59
4132 14049 62
4500 8954 192
2703 8479 32
510 11775 66
1306 11953 15
3250 8500 152
8717 84 31
6222 9950 102
113 14379 12
10965 2219 83
9204 2055 133
1114 1131 123
11482 10857 22
9229 11957 200
12630 4109 22
6069 2578 31
11927 9757 149
8356 12680 136
7013 13686 191
5377 11684 83
7185 4488 2
5406 9548 48
4148 14195 86
6906 9283 12
4517 364 102
5494 10025 2
8305 4026 58
228 1702 12
4046 2274 15
12894 32 199
4715 4821 66
12796 12110 86
1674 3227 207
2649 6197 84
7013 2886 14
10623 1300 177
9572 3733 153
84 8089 2
2230 3227 101
7939 1145 151
640 2912 185
14302 8456 82
3241 13669 12
5270 14181 2
10513 5270 6
12522 7657 39
9321 11684 39
2942 6163 111
8839 10230 40
245 13988 37
11191 623 206
11680 7166 6
2395 7672 3
10370 7940 140
14418 2 60
3977 61 159
3020 4481 54
783 4796 47
12077 2959 161
1820 12391 83
208 8857 62
7130 9586 226
6767 1576 123
7261 6174 31
6317 4450 155
14488 7138 207
7986 10518 31
4774 6753 177
13696 6750 86
4511 5015 228
1813 436 138
712 2205 187
906 3090 59
9572 623 0
11314 2590 2
14488 8048 36
8124 8033 101
8958 14040 107
11499 2066 11
8654 10817 15
13242 7171 226
13368 5878 201
10300 5945 102
8330 8887 202
13759 1271 136
14145 14531 25
13844 6166 8
3784 8033 160
383 2826 223
9344 11403 32
6529 570 186
13575 14507 25
9776 71 102
7657 14125 8
6795 4396 224
8686 13109 82
287 1485 66
9650 63 191
10303 9177 15
11119 5074 116
2794 11519 163
14290 4663 116
6195 3270 165
5194 13185 66
147 4896 31
14454 4297 68
8956 10057 159
7303 5945 155
113 2758 45
10345 10567 27
10423 9449 32
623 8250 24
6563 3658 223
1379 4546 66
2622 13438 58
10062 5666 3
12348 14479 54
11570 5277 116
14369 2864 41
8936 2740 150
352 963 83
199 11751 217
242 3633 116
11529 13844 66
9277 3434 12
7752 11674 19
10965 6404 32
9091 11528 158
8180 2039 18
3969 1977 102
5812 1418 156
7415 4707 23
12477 12840 24
3410 4186 102
8516 6610 32
11759 286 152
98 2792 226
7697 14331 7
2033 10016 202
5784 3706 23
5059 11300 201
10616 2559 22
182 1424 59
5172 12318 28
2950 9323 199
4448 10778 28
3726 5827 177
13552 6217 24
5838 12112 97
14278 184 52
6859 10518 73
6020 6841 27
4364 9204 106
1941 140 175
14488 5801 2
10965 9842 2
4174 8733 2
4767 13057 47
8615 9762 136
10846 924 108
10315 1376 74
7598 10718 31
5481 4549 44
3457 12356 26
3072 6861 86
5237 8455 32
11601 360 77
13545 10573 58
1164 11499 48
7953 8616 30
1923 11891 22
3299 4427 55
10341 5207 134
13426 10383 131
9143 2402 102
12839 3909 220
9290 1885 103
10518 6682 31
8797 3477 19
6216 4480 39
8198 4764 148
3374 11450 150
13575 6112 24
9177 479 193
3845 13438 58
9310 12041 6
7495 4043 104
2217 9642 224
434 8692 85
150 2407 106
9291 9719 119
13227 10152 101
2020 6027 119
5958 13622 30
8915 5270 138
189 949 226
4042 658 3
3302 5844 101
11759 4481 68
7916 1928 58
11383 184 20
12435 1406 108
9475 12918 24
8115 7992 1
12081 5223 12
1183 13782 199
4804 11793 120
535 4446 21
12973 7511 135
274 11890 48
2966 11554 136
4794 437 97
809 2679 8
14027 3897 58
10864 1564 203
4229 12625 160
3102 664 12
8668 2038 152
1744 4407 159
8712 7732 39
8869 11178 15
13214 3226 63
6170 5573 38
101 12456 12
9915 11904 15
2897 12661 162
4019 1043 66
2722 2121 226
11174 7310 8
9420 9945 101
9933 1696 102
4904 12774 17
8303 7795 226
6546 11143 30
6135 14386 161
5548 1342 7
5223 892 7
2553 12220 38
11904 1694 15
7296 8407 159
7849 3112 30
7323 9579 3
14445 9792 107
5718 10770 160
3096 6406 30
12183 6528 21
5824 5789 154
6150 13714 226
2076 10518 54
8877 4341 86
10946 3998 1
13865 3225 24
9848 7818 12
13296 5389 59
12169 8277 15
8677 11521 16
10616 13838 166
6227 12382 2
4174 890 193
3100 4871 28
57 9681 159
4445 7221 193
742 11217 224
190 5397 218
3173 2780 24
13753 12615 202
11527 13667 21
8288 14497 25
1000 2864 42
2517 14490 25
94 13351 197
747 2578 115
3020 8461 31
9926 7792 1
4126 11704 106
10921 13815 122
7537 11803 89
2173 7775 150
4753 5829 134
8406 10905 8
3989 4831 214
11904 4168 15
9696 1081 103
8170 9299 86
8149 306 164
865 7935 106
13520 184 89
2156 2578 12
10620 13066 63
6720 8461 3
51 12133 174
6841 1244 75
6279 12610 191
6557 954 58
11189 8833 199
9803 249 94
5126 11641 105
13508 361 8
4735 2323 34
199 8303 135
9361 7938 226
13745 771 201
8764 5237 159
5975 12679 2
5685 8798 101
8190 3945 15
4488 5336 8
5503 3373 24
4197 7076 62
13302 13844 24
5975 8877 120
3521 3109 3
10791 8531 38
4850 7527 185
1885 6020 103
13040 2699 31
9487 105 47
3100 13426 131
134 12911 45
7119 9735 98
43 9679 106
9644 9721 94
1004 3669 183
10439 2365 38
11511 3173 199
5492 2879 58
299 10100 39
10414 9840 59
3742 2938 158
9421 6186 45
10108 2378 109
8016 4648 38
1307 12101 160
14420 3446 47
5791 12008 116
7511 32 15
3310 5679 186
4891 1242 3
2864 12382 6
6773 7657 97
8659 3378 39
10201 9015 162
2711 13426 59
13651 10009 37
11916 3814 224
8259 7852 23
8877 3902 226
1263 1793 90
9170 2659 8
1850 8317 68
14241 2800 15
11218 9609 98
3645 6902 84
13983 14063 17
1764 14128 128
6542 13057 165
8254 1732 179
11611 8294 7
8584 11626 59
14488 7468 48
14184 626 82
10623 4986 160
5898 11271 12
1885 8096 7
13851 2593 8
7324 1449 84
13208 4946 15
890 9080 58
835 623 175
2460 1829 15
3813 5363 9
84 1603 2
4974 8479 22
4896 4422 186
14527 3299 212
4355 10557 109
3989 10039 18
2259 3465 38
8092 1 102
8218 12630 143
13185 4013 58
2759 1264 172
5818 4566 12
3715 2738 66
11549 9143 31
12661 3549 24
6159 5851 150
12498 3367 50
10584 3679 160
11067 5673 170
5427 9756 217
2026 13577 130
13623 8374 163
3132 8601 89
13903 9756 58
11478 2301 3
7290 782 46
924 12965 21
6852 6261 3
1200 8235 40
625 8021 38
5967 11201 186
10776 8759 18
4936 13622 20
14488 5481 22
11700 849 8
588 3324 19
3727 7069 59
8133 2365 19
8004 4181 6
6680 10057 83
791 5764 4
495 11880 214
1738 2518 50
8951 5946 38
12390 11046 131
14494 861 215
3867 480 31
12340 14487 181
12630 13190 101
10789 1047 106
11065 12476 55
14404 420 25
4772 450 38
7933 13687 18
455 12041 2
13801 3234 160
11853 2518 20
7708 924 59
259 1515 31
5493 6704 153
5018 9073 22
1573 1418 58
1270 1022 193
7916 6534 79
729 1330 112
9659 8970 28
4024 5920 216
10295 11110 200
9968 4464 106
12391 10359 12
5746 11663 26
4904 6023 179
13019 12087 107
6382 7620 109
2116 11841 12
1454 6114 115
1044 12796 15
14241 12961 83
6351 13323 181
12994 12633 222
4168 12223 66
8770 94 35
658 2256 31
6975 13761 19
1869 4541 116
10864 14337 107
8585 4837 32
7080 12382 107
14181 4330 20
12070 2742 165
9460 295 50
14254 8637 25
13869 6548 203
1866 676 192
10080 7436 22
13782 4889 66
1786 2806 66
1670 5013 116
4089 5129 24
10636 5897 20
2011 9222 31
924 4046 166
147 9655 31
571 183 20
1740 727 116
13349 11707 200
1803 7866 109
3474 640 151
7178 5992 84
12217 4706 190
6863 14308 126
3213 13612 144
1312 56 15
12763 778 59
4245 2030 136
2712 8084 42
12469 12544 39
8321 6585 18
3217 7971 62
698 84 107
4266 6528 59
13508 8013 80
4154 7420 106
6286 3517 59
11583 199 222
2066 11058 2
12290 9185 58
12729 4511 133
11128 5976 24
13680 13996 25
2888 11119 22
12707 13786 82
544 301 62
7476 10903 32
14331 7467 163
2089 9030 8
4001 13046 46
501 13033 228
4201 1388 3
1665 12684 161
14 11584 207
7031 12558 109
10697 2023 166
6099 10965 0
199 8406 133
12791 6675 22
7265 13522 129
1770 13781 39
10112 6613 102
7136 12980 23
7408 235 123
9012 7916 24
1575 1914 15
4467 4083 155
4068 6135 161
14196 14092 26
3730 6755 236
7363 2443 24
1767 5854 207
3507 4647 123
747 9523 115
5790 5332 6
1950 1254 192
12991 9612 14
7280 6503 116
6410 9313 175
3001 0 31
12796 11307 14
5525 3466 236
12008 14318 32
2044 13260 26
1876 11046 59
486 8415 84
195 7706 119
968 8786 109
136 3714 31
10345 7537 20
11303 125 106
277 4474 188
5278 7080 107
14461 9572 38
5008 11880 66
3390 2244 185
4104 9754 23
1004 809 223
2830 14044 14
4922 3512 94
3339 2823 109
92 1158 44
7657 13753 24
13368 11074 51
328 10269 127
11424 3904 40
494 11143 91
2064 1472 31
52 7691 192
12160 12981 163
13845 8747 68
4875 6980 8
4283 3832 213
5721 737 89
13640 13745 107
185 7713 89
12967 5992 84
360 1793 22
3800 68 100
4998 2033 13
13014 9634 22
4647 9873 165
6184 5746 169
157 1634 32
9863 3257 8
2849 13640 66
14135 14230 25
4404 11534 80
12469 2174 187
7503 3109 201
10518 14480 37
622 13645 159
542 11633 22
14184 895 82
8479 9060 160
13859 10418 20
11527 13290 101
2738 3252 13
1177 10834 82
12122 12019 154
4599 6349 224
3139 1170 207
4668 1515 169
2958 2378 179
2588 2501 83
8500 434 85
1274 9283 12
12247 9394 217
734 3226 39
1340 7765 236
5631 11517 66
9291 11858 122
7150 5838 232
3794 6079 135
11717 3848 3
7299 5895 155
1390 11935 116
744 13014 22
14347 1343 226
6680 13059 83
13844 188 38
3417 199 220
11931 4473 6
2143 494 110
14429 1433 135
2987 3886 136
7415 2891 226
3290 13575 66
5172 1710 135
12047 8158 8
2501 5733 183
13453 1618 130
1970 7731 123
4001 241 86
9157 6726 216
3388 12095 184
4946 248 17
781 2902 22
420 11430 150
2740 2203 13
11875 493 2
867 1418 65
1413 98 37
11676 13892 207
8717 7849 30
5968 14490 25
14377 4482 59
7467 14093 200
14488 9889 61
1900 7740 159
9177 1503 131
11080 10496 156
9388 7223 3
6188 1936 132
9645 2544 39
298 5747 228
10181 1161 39
7371 10567 103
7992 10507 39
8118 4219 36
14102 743 23
6771 10203 232
8998 1954 84
6401 13141 32
1306 4088 59
11633 4566 38
13796 14389 118
3255 3825 15
10017 8812 12
14178 14372 8
8374 14208 131
14101 11706 105
10092 11735 125
3071 12009 105
14158 4277 130
10317 592 13
5126 12917 184
12079 2371 165
12944 7523 202
8215 6287 26
9243 10939 124
9870 163 31
2174 11191 3
3948 490 103
924 6268 59
5286 5803 102
10108 3969 47
9643 3828 145
6582 4751 165
2677 6100 126
6339 6506 164
4735 1125 22
13432 8550 201
543 6896 8
12552 7008 32
12630 2126 127
4072 8287 12
1076 8334 6
2916 9651 15
11366 2224 39
1010 2346 215
1405 13422 18
10314 246 23
11118 6480 114
136 10549 31
10318 11676 199
12982 6780 152
1410 1150 138
13875 302 88
8118 157 11
1754 12347 125
4501 12178 122
11977 7474 47
2507 9515 134
9627 147 91
8754 3101 54
1503 9961 66
13202 5375 59
4474 10579 131
8803 6654 123
12503 1853 36
3032 13167 24
1163 8170 106
8773 11407 112
3476 3484 6
10402 2969 2
6956 4446 159
6910 6448 35
6216 13819 31
6392 6392 52
9322 4137 38
5890 13218 22
184 7537 112
5207 2164 136
14299 10897 109
14280 743 54
6964 2501 109
6298 8355 38
4866 14158 80
2906 7590 193
10850 2948 212
10225 8877 160
5112 10116 199
2650 4296 12
12884 14105 47
12767 6222 153
3337 3897 103
2753 5767 38
10541 2780 199
10802 10790 26
1796 10073 58
2335 7380 138
12982 333 182
1587 9903 86
4988 11723 159
12560 5406 205
14084 10127 212
13188 2184 180
5180 3314 192
9949 11877 66
12982 3996 15
1409 367 8
1043 14388 194
4598 11629 20
10013 972 139
9756 8696 15
6975 13533 38
2239 606 102
6172 12882 106
890 8519 123
12644 7974 20
2272 5502 219
974 3525 101
12101 4636 88
14488 13818 22
8189 12571 83
11589 567 188
3873 2222 38
4934 12694 204
9383 9908 236
8522 9654 140
4735 4488 34
11904 924 166
5208 9002 144
13651 11704 51
1246 747 115
4742 11844 15
3852 13185 106
11274 6268 22
50 6490 12
12443 4792 15
10026 1277 97
11028 9861 153
9627 5175 106
6880 1436 80
9756 14272 220
420 6665 150
1885 1499 7
10799 2315 12
3872 390 116
12865 10758 124
13378 11569 210
14299 4923 8
637 5213 78
9237 10215 165
6753 2843 41
14488 5213 228
4653 13070 18
3778 7616 102
2238 7887 48
9987 5995 12
4557 2308 90
11233 2319 39
3488 14131 32
4654 12615 22
84 4857 31
3100 2738 66
7468 300 13
4488 3622 45
12091 14304 62
546 10032 106
10944 11931 2
3020 4110 54
2556 10989 86
3999 3733 22
4104 5334 214
13742 3465 226
3534 13698 86
4608 5740 166
6240 4500 43
9489 5982 50
1514 12726 86
10417 2507 42
10195 14488 129
2573 11520 190
14495 12188 89
5492 12062 105
11100 5135 66
157 4972 32
4188 6095 86
795 8374 163
10853 2124 62
5314 1232 140
845 8988 12
5172 3173 209
9981 9323 116
5746 6279 191
6998 1829 3
183 567 112
13190 12032 15
10138 3775 106
1590 5000 99
6218 9572 6
8760 6736 86
4827 8763 38
5585 2244 62
4115 8843 207
1881 13361 165
12186 2860 31
6219 1287 24
3806 6487 152
105 6630 109
8447 1930 22
608 6520 38
2410 1412 135
11799 84 31
8429 12289 25
6346 478 31
3280 400 50
5968 10864 191
6938 2677 159
13242 5805 102
3845 10345 38
4009 3446 109
11720 8095 11
3940 2006 17
8827 8994 66
13171 36 83
1121 2239 199
10166 7607 128
3173 1697 208
136 3018 174
7127 3868 32
2507 10112 69
8215 8796 12
2019 3656 153
2968 1696 26
11215 924 166
11080 2562 66
1970 2849 163
6887 8500 66
11904 14381 111
13793 10789 25
7649 2238 15
8564 7451 66
12464 14060 37
5466 14236 20
8187 9188 34
14540 9626 210
3464 1914 73
4029 10573 58
8837 4360 3
7808 10921 190
1135 739 47
2691 3867 31
6753 9425 109
11336 1177 2
6331 6851 55
14521 7968 25
1521 4566 38
14003 14003 21
10232 8217 229
6293 4721 221
293 10579 163
1549 13174 1
5349 1395 160
3446 7041 199
7887 1652 24
1771 9616 228
11593 13921 109
5365 558 153
10227 11310 23
6431 11347 123
12182 9278 129
6489 5083 202
967 3462 212
4930 12634 43
853 13358 23
7714 4315 21
12742 14527 6
4967 10527 149
10359 9386 12
4834 10422 21
2262 1393 66
10858 7753 200
1339 6450 155
8138 5812 14
10555 7765 44
1552 10858 200
12448 4233 106
2224 5108 156
4723 4975 153
13899 9281 163
7833 5287 22
12932 13295 86
7887 7915 109
6155 5041 51
3413 1999 102
8841 14374 58
13812 10944 217
6727 1210 2
13281 480 12
12354 183 112
8910 3766 82
9376 11020 3
12017 3141 158
13084 1999 97
14420 7080 135
9475 13328 22
13683 8653 213
771 5749 117
9691 13614 136
928 6481 26
4989 7184 94
12111 4024 48
12630 11533 101
4703 11754 74
4459 9649 86
10995 7894 206
3761 1486 114
10573 14456 88
5432 4971 12
393 8747 212
6278 9323 66
9984 11150 126
6748 2026 184
1764 8728 60
3989 12137 226
13863 9299 82
2849 9242 15
12355 4254 15
12719 1837 13
249 9446 184
12891 7494 30
4454 13893 80
7716 3545 229
2794 922 106
10370 10368 122
11265 845 31
685 12298 83
9164 8888 194
1323 1131 104
8712 6644 190
1304 8168 70
14227 14401 107
6723 1410 161
9952 13562 3
13604 2478 106
8097 1914 135
3964 4024 226
10032 7887 66
4564 2059 45
1043 5395 24
4683 13323 130
4997 475 32
2352 392 59
158 11904 218
11893 2564 119
12192 6534 66
9033 3248 192
11534 8645 169
3463 10465 26
2604 1856 136
5213 420 62
8999 3552 8
9253 3844 153
8387 7065 136
8531 4152 8
4804 923 83
14092 13057 159
11511 9079 224
3449 1167 30
9625 2906 86
8644 4907 140
8917 4396 108
1216 1279 30
319 10225 224
10620 14169 17
4791 9047 66
637 9364 152
7669 1124 87
13376 6945 106
2112 11470 54
14199 13836 86
7092 5844 8
5811 3028 145
945 11049 28
8461 3173 16
1741 349 17
33 1503 66
3296 1953 29
4943 1355 6
10409 4448 7
8332 11793 82
11294 4359 138
14299 4653 66
9697 13296 163
10843 5777 50
11506 9512 12
8374 9817 131
9582 9508 184
4174 5660 12
199 14124 228
404 14488 22
13035 7149 104
3394 10698 133
13640 1408 192
12418 14534 67
6757 12603 48
924 1540 34
2646 2713 177
12630 4272 2
5094 2468 10
2523 1238 74
10335 539 114
6534 11074 159
11629 3471 20
10620 11058 48
140 10468 12
11310 2856 192
4574 3420 2
7712 12399 35
4623 6377 149
5476 9739 172
9079 4847 175
10954 10265 83
855 2376 144
7023 5008 101
3198 3234 6
2759 4555 68
2920 1865 22
13665 1845 202
14073 3477 187
5084 1719 13
14496 7031 26
2192 6613 37
872 11904 15
5445 3337 163
2376 2488 202
6728 12630 129
11822 8187 155
8656 5705 150
9378 5329 13
1228 3072 86
10908 13185 66
13722 13587 94
2051 8247 40
4024 12880 165
6186 1786 48
14241 4484 124
1786 7887 31
4295 10069 192
5256 450 123
10625 12172 36
14005 6507 83
8637 3299 212
6449 3307 12
6880 3445 20
169 7833 20
13991 9996 103
11600 8656 96
9158 4232 102
12132 13844 66
10518 2704 15
1732 13905 20
12908 7629 34
3465 2656 175
6519 12539 84
10090 6293 150
7878 12716 66
9233 737 113
10087 11651 86
11745 3679 213
7860 9033 30
4558 154 66
4599 10698 194
8561 6192 109
5378 6696 130
2461 11008 107
5382 1885 10
490 2560 27
1043 6573 2
79 12008 165
6309 8827 3
2231 8120 155
10636 9004 47
13426 5257 88
4057 9647 202
9655 9335 14
12114 10567 90
3722 2030 13
229 4054 164
9943 725 30
14515 14418 137
4685 6728 213
6522 5481 176
13848 5693 83
5153 11502 127
10090 5983 220
11904 1263 58
844 6218 107
10117 10789 194
3576 9855 19
4402 6027 62
6993 3428 86
6317 3825 156
420 7775 150
7551 3255 122
10518 901 31
14488 13670 58
6503 5365 38
5047 2515 106
10769 11522 28
330 2425 106
3512 8037 94
6012 3836 3
13479 9886 36
3901 3647 106
9431 4764 13
2234 10549 7
9982 2250 112
13326 12257 31
9901 2321 157
12528 7086 38
933 14362 20
859 8374 88
1335 3361 2
12614 31 32
10269 9996 50
575 14005 86
5389 2964 38
6724 4994 136
8760 13724 118
32 4976 8
3214 8913 59
5387 13018 8
8791 3488 13
8675 9651 111
11524 14488 225
13218 8323 52
853 8886 100
2068 183 112
13593 13426 163
3109 4870 21
13604 12909 194
3762 6880 38
1085 530 159
9813 638 15
769 10914 24
12580 210 159
12270 4759 136
8136 7200 59
2084 6853 60
4894 10632 192
3197 1935 38
4568 5454 12
1142 84 2
4283 1194 159
4076 5424 6
4647 13833 32
5397 5778 135
920 701 199
4454 9349 109
7293 5145 30
183 13511 112
13421 11605 35
11910 6322 203
8494 11080 106
7381 9374 155
8374 7644 54
5447 518 184
2600 1829 53
6543 13707 25
3154 2203 75
3077 2860 148
11081 2296 6
11507 3613 159
10493 7999 31
829 5144 21
12519 2661 83
9047 506 48
14307 14537 6
3426 2739 13
1080 259 48
6211 4125 97
420 2012 62
1381 9231 184
11671 3529 129
7048 4334 62
13502 5895 84
2004 9917 11
3054 7371 26
13555 1650 8
2525 12591 166
7414 2715 7
5334 3120 66
5000 866 11
4197 9402 201
8797 1848 17
6501 7574 189
11880 12586 66
147 10172 26
7145 2896 12
67 13979 25
3436 33 12
2023 10916 225
13844 3232 3
96 4234 50
7149 1712 228
4864 6163 25
2033 1136 24
11070 8877 83
14348 8770 3
10435 8343 83
12612 5975 111
14133 13175 217
1879 8827 7
3782 5170 109
5516 924 59
5835 13519 38
10563 6222 97
4927 13034 131
8374 1888 59
7849 2825 12
2410 9204 135
2523 3017 134
2250 136 31
5194 5008 83
12303 13794 88
13573 924 166
2477 14034 173
12980 6853 234
13814 1033 163
558 10567 27
6839 434 85
9894 13347 131
2920 13768 15
4636 2684 59
3684 4172 224
13865 1175 24
12405 2792 66
9883 9600 24
910 4043 65
5297 494 31
8943 4560 170
11001 147 31
10499 1577 94
3248 6519 31
9277 12242 202
7916 13709 58
4744 4006 38
3811 7837 61
11430 7824 135
3456 13493 221
1626 6610 3
1673 11433 62
9281 866 133
13901 9997 25
1811 11893 2
925 8900 121
311 13018 134
14337 3790 215
1914 1916 73
3302 9106 99
7007 7714 31
4202 372 8
3740 10781 20
434 13064 161
14279 5700 7
6039 4073 68
1847 13018 21
14112 8773 89
5801 13694 106
158 11278 54
6291 7427 61
12306 6766 24
12330 1934 13
6377 588 159
13308 13434 3
1022 2448 191
1537 181 228
3827 13066 66
12918 1832 160
2546 5073 2
12630 4052 47
6871 420 206
4682 4407 107
5588 726 14
3337 5595 103
5094 490 210
1736 8585 116
4712 1537 24
9135 3634 63
12330 1969 47
11443 7597 38
6680 8033 120
1654 2979 158
3126 6296 38
10752 11834 1
1885 9110 11
4687 11803 89
923 7087 66
6755 5086 66
6051 6751 102
3728 10400 153
10362 8585 24
4313 5976 127
7218 12630 182
3466 9047 58
12760 4046 2
14501 10555 163
6576 5855 96
14325 2861 31
6680 1242 83
11020 10043 36
1177 6757 48
4004 12270 15
4708 170 226
1793 1485 89
9416 2321 8
9222 2124 184
13639 3100 152
13242 6311 8
6608 1196 226
14348 210 226
9780 1453 58
6884 42 17
2590 13276 194
5265 6547 62
7925 199 22
6753 136 57
10163 5142 191
6736 229 59
1038 1177 45
1936 11118 26
7461 8352 230
357 223 2
12134 10190 8
594 4503 183
5913 12387 3
5849 1721 186
1461 6047 83
2022 5855 170
11294 6880 107
2634 2232 42
11931 5794 12
11450 3806 207
2239 10802 16
14003 5170 20
3836 4714 169
2046 2193 8
13459 1601 126
5000 3898 133
9572 1263 153
10383 13986 19
8785 7852 18
3083 10154 15
14378 11046 131
9756 12978 58
10720 2033 66
11799 10433 184
4546 1958 126
13951 9027 20
13073 13637 66
5723 5829 45
1593 8168 66
7149 9893 226
10261 1674 58
1718 6204 179
1700 10988 165
3411 13614 228
1936 3257 26
10868 13916 202
1059 12988 23
6186 13913 42
4866 8168 28
4834 6317 160
3330 9532 131
4861 1024 158
5823 5223 12
8915 640 37
3835 8287 162
13229 4392 118
13202 2179 98
10616 11458 226
4623 10460 122
6268 5752 102
12876 7708 50
4089 12522 58
10858 12710 200
12666 8048 36
10750 1109 136
1163 7932 28
11659 12111 193
4095 7374 106
12830 8594 38
7943 4726 59
1977 13100 39
11707 8802 30
7752 2736 236
6293 9372 41
9193 879 94
119 974 205
11205 158 193
12873 1276 123
14241 11491 150
13296 8157 59
5653 4299 116
331 42 69
2678 2678 229
12282 7514 159
7893 14488 15
3855 2590 15
8097 2639 170
2229 8655 13
5770 11294 207
11953 1310 15
9756 12182 62
3961 3020 13
7028 8936 47
737 9643 113
11669 4504 211
9886 11887 36
8645 12730 130
10251 2736 101
8242 13639 228
12773 9123 116
5784 6149 30
7598 3927 80
11759 7527 13
872 199 15
5561 9961 150
6975 7948 158
8523 12495 4
853 10623 24
5564 13341 45
12345 136 23
6546 1543 30
1746 8475 109
13478 6812 129
3183 2884 19
12846 2041 26
2570 11310 28
13799 13304 1
571 9184 38
4071 13190 15
8412 461 71
1397 6141 30
6280 6880 105
12090 1158 34
4645 2358 57
13820 1451 8
9201 4563 212
8034 14422 118
6493 13388 59
8139 1521 102
147 6571 31
3021 8034 120
2940 3446 61
7085 1428 165
7883 1793 22
5686 6051 54
4866 8456 107
3542 10087 226
3462 1450 31
2653 17 105
1140 8098 183
6584 10345 116
585 11451 48
7915 10865 38
9478 8813 26
7369 2336 30
10269 3243 148
3547 9857 123
7007 970 3
1418 8356 122
12105 9294 17
5719 246 162
12121 6604 66
4347 501 106
9395 13461 216
199 13715 58
11413 10149 159
5931 9441 211
2074 13844 42
5336 1942 90
13296 12444 163
7113 10749 6
2769 344 125
4514 7408 3
2266 5975 236
11066 7705 139
12361 1941 26
3892 775 223
5994 11666 15
6157 9281 133
8209 11525 8
6798 4714 117
4946 14519 25
1280 554 150
1433 7609 135
11012 771 130
6976 3439 75
11740 11536 154
5369 11893 77
11394 13482 58
6816 924 163
246 981 222
419 7225 66
4682 13190 236
8913 1059 31
6608 11533 13
8745 942 15
842 9056 48
2066 10738 12
7004 14239 2
5377 3510 22
14298 5567 115
8775 1270 97
4044 7144 177
4946 4172 17
11294 2895 47
12730 8300 80
1561 10567 7
5084 10004 222
7908 187 66
433 13988 8
924 210 60
11533 13298 214
456 1404 6
4946 302 171
11462 11725 31
12260 11904 94
2740 5044 38
7058 10970 94
269 7607 108
7031 10203 28
8832 3511 24
8478 1718 187
3822 4865 116
13745 14454 12
11252 2830 136
12630 13059 124
6907 486 109
7629 6052 34
490 11961 7
12407 8850 23
8074 5370 38
555 993 13
11443 10820 109
5292 9938 133
2203 7647 21
2115 7573 97
8473 4801 17
1885 6097 103
10569 13083 122
552 7607 34
1947 3893 141