5442
8663 9641 139
511 6945 230
1947 11234 188
13988 10659 7
12944 10168 135
12774 5509 3
5661 983 59
259 11771 31
10648 10475 184
14113 2544 26
5922 11007 90
5997 6171 12
6679 9453 86
8712 5286 153
9080 10269 11
6106 10032 66
4772 9572 84
13987 4004 106
13153 14526 160
5597 14493 7
4062 924 225
4599 8352 224
6513 8184 45
7358 14307 158
10100 2023 166
9572 11882 158
4478 5916 26
3347 1449 24
302 4380 73
494 8768 91
169 11650 86
3706 9411 123
11001 2739 66
6876 11927 8
1240 2063 109
3526 7657 6
6816 12666 48
2629 12649 109
10409 5524 7
11535 2889 34
1658 4193 38
1296 2895 48
9587 712 27
6559 846 153
12675 2425 109
10496 275 45
3262 8682 22
1585 4092 106
10697 5451 58
9842 13634 6
14391 2671 30
10496 1130 201
84 3277 2
4764 10126 203
9214 12582 165
3311 11369 12
13533 14420 37
2458 6469 38
2395 6954 40
2165 5397 214
14386 5297 217
14002 11931 118
119 6180 62
3668 5864 84
5864 7848 136
14495 788 114
3565 410 83
1448 4005 220
11604 3057 24
14399 3633 124
9524 13194 194
4955 2015 119
1705 776 23
2966 845 125
8188 1888 12
8662 7013 106
3766 13815 12
10438 184 52
12269 1709 107
12079 924 225
14135 12183 25
13768 9107 12
1547 14495 189
14439 12297 66
11278 2700 39
12149 5881 50
12252 1768 158
6972 7319 17
14241 4896 228
978 6050 50
2256 1194 86
518 5668 202
9349 2266 123
9915 110 68
12704 4904 17
5108 4599 156
12352 2012 58
945 1822 13
4865 5526 50
4827 1910 38
12760 5126 55
12470 1512 3
5784 263 31
3306 12415 118
3443 7153 155
8461 7036 38
4065 8841 50
8598 3853 160
6281 7091 205
14405 7871 20
2386 19 106
3915 4546 15
6749 5165 136
10567 3314 7
1916 7837 175
2917 13651 24
9522 873 124
6121 3719 20
11663 13968 24
4133 706 189
6816 7306 200
13426 11889 131
12523 10112 203
2963 4467 18
14112 9277 83
9408 2338 38
1177 7800 123
9872 7416 21
6521 14527 41
6082 8540 224
2091 11522 37
1881 2376 26
5113 2238 24
1448 11733 143
9752 11422 165
10888 11376 220
6723 10398 161
12407 1149 130
199 1474 135
10567 12287 11
14518 740 3
13426 14527 210
7887 10073 66
5818 7908 131
4076 1553 202
8242 13166 20
3855 13480 18
708 7146 192
7095 13276 122
4977 8915 179
13426 14527 210
13861 13490 23
4035 12540 16
12630 11658 22
236 3806 47
9886 6191 36
12282 8303 41
8589 494 91
10409 1928 2
4109 2201 32
10140 1091 177
10859 2244 83
9499 11625 8
762 12596 68
490 157 103
6163 4864 25
8002 11880 6
8324 14420 230
6503 7967 38
4801 10043 45
506 10947 86
7977 14279 7
12787 5812 156
10975 14003 20
13720 14323 38
1300 4957 13
7395 9022 186
7951 807 102
6542 13121 226
4922 8118 156
12472 1931 126
3757 8841 8
1411 3631 3
6175 490 103
2218 352 59
5981 1091 175
9598 8501 233
8357 12472 126
9649 342 26
9938 6123 58
5184 12323 62
7133 3906 236
648 55 26
3898 7639 232
8130 94 93
206 13574 84
12382 12610 162
2881 8863 125
5509 4352 11
13497 13757 59
8744 14503 66
1191 1682 29
4149 717 59
14177 1392 186
14241 12453 207
4704 10737 19
3362 10387 8
1043 6635 2
1842 2066 86
11530 3762 109
5056 1033 22
11183 13572 83
11495 1916 214
2156 10167 122
2266 2965 134
9499 4080 32
13048 9478 106
13430 9157 216
11802 8867 58
10214 4960 15
11359 2076 58
524 4976 153
11783 1537 226
13844 8765 42
11080 12031 154
12321 105 58
6661 3593 125
6317 11660 30
447 5153 207
13988 1059 31
9510 12077 85
8791 3141 133
4884 4402 136
8531 14098 31
2026 7925 223
13276 2395 15
8877 10166 226
1477 924 21
2367 3379 184
5307 2312 52
12052 9331 100
2035 12163 127
6661 1059 65
3895 14051 54
8374 8587 88
13983 4897 6
4494 10789 0
1123 9675 187
2753 2084 196
8048 94 36
4936 5705 22
13711 2556 75
12052 2340 86
11237 2864 226
10084 8351 83
14058 12778 181
6348 1885 7
9572 554 209
13054 8095 12
1240 9258 116
11407 2759 89
10631 12982 39
1254 7645 236
6029 626 202
2895 9877 107
4612 8019 153
6160 12759 59
208 9987 2
8704 6135 86
1211 13822 201
8016 8513 106
119 3021 133
11842 5880 60
382 6294 160
198 9441 211
6423 7714 116
6831 2338 30
1545 7182 136
11283 1279 186
6473 10826 131
13265 13488 83
10541 8346 66
9275 12445 38
2654 10176 102
3706 14140 29
420 13353 52
1364 1406 3
1842 2925 34
904 5192 12
3100 3838 221
10174 9805 62
3526 7437 105
6186 10616 60
1340 10636 122
1574 7657 21
11007 12000 24
7624 1091 3
8854 3163 155
623 7651 127
679 4856 109
7467 11730 206
1705 7397 6
6836 9060 144
7657 7992 38
494 11695 31
11255 8308 106
6306 12761 3
7822 12402 3
13276 9378 58
13355 3757 165
1996 2534 13
1052 4231 12
8187 1707 97
11904 3897 58
13268 11904 58
2867 6817 130
10207 4621 111
3277 8064 173
7908 5901 159
6027 8488 106
1 2740 66
12730 14531 25
3802 8531 3
5763 8684 97
7400 2588 13
10327 12172 37
7769 4523 45
424 3420 206
9739 7432 86
12547 11625 3
13611 3453 126
8058 3420 21
13242 9961 143
4877 3678 89
14003 5056 20
13844 518 106
7521 8118 109
10203 12033 185
9174 9921 13
12134 13045 46
12372 8504 24
10864 4137 203
4187 10864 186
2653 924 20
84 7185 31
3890 10662 83
1121 968 19
13844 12436 21
4337 2897 8
7415 13540 25
1281 6892 122
8908 13473 25
9893 4132 38
6890 8224 12
3458 1836 38
472 6186 37
463 518 224
13037 2964 84
12686 10402 38
11904 10203 221
340 63 28
1364 2197 179
12330 6914 106
7452 11388 1
165 3867 31
1853 9185 68
1340 176 58
5720 3071 2
3733 5491 30
2906 861 162
287 9074 53
4464 4137 24
4599 1430 183
7149 8733 236
1417 3173 101
6224 11600 130
13508 7894 29
10417 8457 20
13490 5342 198
2906 5513 125
475 8852 32
2811 10151 58
7887 8938 177
8776 5789 0
5653 5232 38
6222 12728 186
8595 3072 186
5223 13040 30
740 13640 226
4024 13687 18
1916 2989 9
5714 12778 82
11942 1436 5
3021 11904 15
9756 5588 22
14488 12826 58
11027 1913 119
11336 2976 2
12320 8450 220
953 13496 21
5200 9437 102
5685 9961 3
8400 3426 184
7467 7196 224
8859 43 12
1 3598 12
3355 3553 82
12225 7620 232
13986 4904 226
8374 5525 88
11855 494 110
10151 9700 152
129 4001 46
7951 8279 209
1648 10854 196
1784 13257 27
2589 14251 15
237 689 145
7747 5979 147
1177 2282 185
308 10864 185
11219 2036 19
14156 7299 102
119 7018 224
9938 2039 15
12105 637 133
6135 12396 86
2649 9310 38
7249 157 106
3287 4454 30
1347 8097 47
6566 136 206
5237 5992 44
4107 11137 84
13459 4018 22
7223 11122 12
827 439 52
10121 2981 32
11893 7955 74
2414 11461 85
825 11042 31
12094 3257 112
132 10404 224
6504 4413 159
1260 1 150
924 3794 131
4732 13867 211
3686 3132 188
1794 1587 109
7944 183 112
7350 1615 17
6061 708 162
11543 1877 132
5808 13949 24
7765 10720 226
10662 9872 159
7492 9617 57
11243 7033 159
6336 6277 106
5108 27 163
8034 7526 106
128 1331 188
6322 10327 203
1218 4842 160
11564 834 135
10998 4440 183
484 11315 12
9102 2448 191
4307 9140 45
7829 9782 215
5129 1578 113
659 9850 84
5829 11733 224
4955 105 126
4670 6025 148
4253 9372 222
7637 1130 19
13779 2895 37
11778 11534 159
10359 5558 45
2734 6401 14
184 2275 26
2233 2154 12
7727 3784 24
5170 7798 12
9917 2848 19
5936 8272 24
12662 2321 40
2879 3030 43
8374 7203 131
395 622 224
1829 4575 159
5427 14488 217
6054 10735 153
10955 686 45
5490 1941 159
13225 12384 199
183 4535 26
13257 3217 83
8220 11270 102
2439 1885 90
7046 623 3
12733 9926 165
10943 5170 3
13844 5137 12
770 14254 132
14352 10864 107
451 2471 84
12559 9176 191
13919 12379 199
1532 6736 6
9739 8327 38
14330 8829 127
7754 5024 92
13844 9050 39
6546 4834 38
6895 11883 107
7412 2858 50
6489 2346 15
10416 1109 194
11485 6410 116
2958 2660 92
84 561 31
5767 2311 102
8306 6996 175
12060 1265 224
6908 5209 235
13996 4287 217
2713 359 153
13700 10061 6
6583 9475 8
2507 554 21
14510 10129 118
7887 3420 28
12449 12893 32
13896 3420 160
8830 9416 3
8398 4446 138
3769 3613 12
3789 1043 2
5223 12848 11
11270 5270 192
13426 5835 59
6079 9543 66
8637 2666 24
4652 10864 186
7414 9905 12
13510 11080 105
184 11527 112
12734 520 62
2337 12630 81
5812 2324 84
3705 1944 22
892 12341 216
4904 7386 6
2982 6769 113
10255 8603 24
3160 11119 24
3657 7018 106
12225 699 13
1663 494 110
297 712 162
12490 3547 179
3080 10129 50
4535 1596 86
9577 12477 38
10996 12880 24
5969 484 53
3173 8832 48
13587 2079 163
6771 12528 114
13196 9062 158
287 11532 88
2238 5426 15
6889 12761 158
14276 2346 216
1423 4232 47
13608 4759 50
13844 2117 38
4922 6790 155
3229 2627 66
5230 3100 163
9216 6329 45
6418 10317 122
228 585 193
11293 3374 16
9998 7916 31
5816 8273 158
12644 2358 57
13411 6993 15
205 6130 224
5727 9402 11
2929 4314 159
57 151 83
2982 14405 89
12684 1682 82
3838 7135 153
3072 246 159
6786 4489 18
4223 7142 82
1167 470 31
10345 10518 31
9043 11413 22
10864 10619 191
670 3418 90
2592 14237 94
13438 8949 54
1306 9049 11
6073 847 77
8603 10469 14
2827 12652 106
3525 6983 11
5485 5816 17
924 12797 166
9760 13210 224
7792 1637 122
183 12358 26
2906 11461 85
13882 5799 159
845 11817 31
8307 10356 28
5594 4844 12
8374 2811 163
5002 4925 102
9176 2910 20
8674 3863 12
1491 5794 158
7198 2704 222
1576 4801 62
6993 7630 59
1310 2590 87
1649 4083 58
5875 9909 102
2830 1873 106
6301 13335 155
10126 8454 97
846 7732 84
11608 9766 59
8187 11583 106
2932 4448 38
12614 772 129
7135 554 12
14241 14195 39
6862 6369 159
13333 3202 182
183 2084 189
1712 11548 13
4475 1335 173
1186 7837 192
5990 2471 12
2080 490 90
4641 7951 109
6840 14325 107
6603 13183 17
3226 121 39
6423 9446 155
14230 559 217
1836 1011 97
7467 6771 222
8022 13687 163
10025 9585 107
1548 9909 12
4756 7913 25
6508 6766 136
4152 10616 83
8273 5517 31
10639 5641 17
6317 633 109
13555 1673 101
6161 12010 1
6151 12918 86
4224 1411 47
9909 7504 7
10112 466 6
791 4599 120
13844 3832 34
5892 13276 59
11890 6293 102
12355 12997 222
249 12654 127
12472 2601 126
9281 3426 106
6521 11875 57
4922 11117 84
6943 2095 8
4583 547 183
9625 6752 150
7803 5965 47
1264 7951 24
11477 10995 166
8037 184 189
7494 3072 30
4946 1803 156
4675 4152 32
6891 6440 38
1809 9083 153
5015 2982 113
7431 4076 155
3335 2297 109
8963 7135 84
2033 4967 83
7004 7916 48
8478 8353 38
184 1599 26
13903 8037 58
1382 4850 102
622 3591 122
4231 6723 161
6118 8282 21
5042 10090 12
8037 6098 11
12900 10213 101
4413 12563 15
7339 4865 186
7590 7410 224
10965 4224 152
9240 9177 54
9498 5585 82
5976 7851 66
10288 4453 22
13605 1158 106
15 3262 12
10854 7107 39
12730 11924 4
10443 10316 106
7538 3456 205
450 2590 236
5614 2966 97
12999 9310 38
2023 10776 129
2407 3071 22
2635 311 143
2238 7951 16
14097 1491 44
13014 6269 22
8515 1373 15
7172 2066 7
8802 2164 125
575 8293 102
3465 9789 159
8414 924 34
11966 574 83
6245 986 66
611 9484 207
220 4846 220
13879 1754 26
6966 9063 2
6838 6536 126
1542 11370 66
8004 7128 194
1013 4157 162
13345 1164 222
662 3161 15
9749 7887 202
13552 9006 189
13466 7319 150
6729 474 193
7350 12770 88
5571 560 186
14212 2999 31
5587 9721 83
13490 1957 167
4500 4429 148
2034 302 144
13753 1866 21
14471 2759 217
4522 8676 92
10908 6727 89
13017 9837 163
7803 2666 155
9756 13709 58
2125 6896 32
14177 8970 14
585 11451 48
8978 7378 14
924 3440 225
11510 11955 49
12516 4445 31
4882 10530 116
11759 5692 49
3149 4564 38
632 5789 0
1499 3718 83
12975 8830 100
13698 5108 86
6395 14132 58
14255 3661 207
13137 10086 131
12033 3822 31
5975 11294 0
4541 12409 23
5403 3299 212
13446 12801 198
12839 1089 220
1676 6770 39
1820 14016 225
4787 2266 82
13276 9414 194
6134 11869 105
5171 9288 14
7716 3552 149
8561 5223 7
878 8779 106
4201 4133 223
11152 8092 84
5391 10522 47
8675 1083 24
43 474 194
2902 4427 11
13207 11728 199
3884 434 85
8725 4921 54
14370 8210 187
1043 157 2
8483 1767 8
11700 3619 102
9668 4415 173
8920 3348 27
478 2075 48
10032 5170 50
12695 7527 133
9355 12183 31
5754 3991 135
5841 1283 89
5209 6615 66
1829 2989 9
5568 7065 224
11402 9291 84
1465 4943 43
9317 10778 31
6188 14108 48
274 13188 101
5018 12073 127
199 8332 15
10201 9572 38
9941 3674 2
2262 1587 136
490 8270 7
4940 6632 12
14491 8703 59
5420 9319 2
4345 1932 86
10094 302 139
10723 1087 150
11696 5252 62
9712 490 27
12850 13561 111
7208 3618 66
11066 11877 219
14237 844 80
1515 4219 86
6752 246 69
6515 5650 42
84 3072 107
13167 136 15
5818 13621 86
13188 12077 85
10126 10531 12
7740 4384 15
10877 5000 189
2330 10730 116
7817 12683 66
3174 6680 190
13232 420 150
28 2187 38
449 150 221
13967 911 80
5523 10963 8
6473 11226 48
7080 6163 0
10698 8328 39
10957 1214 190
1636 14374 58
12630 13373 213
9335 13345 151
1303 111 102
8037 6683 38
10029 4427 86
7542 8813 26
7822 2618 45
328 3645 38
8041 4928 14
9079 6487 59
8612 9349 19
11750 9756 58
11845 9522 2
13683 1361 24
280 13152 39
5372 9240 28
8115 6563 109
4557 7992 224
494 10091 110
13508 14031 39
2713 11807 9
12824 3630 7
567 12923 101
183 6584 26
12241 6727 229
9475 1280 192
8406 13700 48
3825 5218 106
92 5862 31
2068 12572 198
3142 3149 84
7657 2245 6
10864 9079 107
10692 66 20
3552 10573 122
11027 7375 22
1147 2852 22
10932 7352 58
10141 4904 23
3798 14161 25
12069 10769 150
5549 11415 183
8536 184 52
8461 13347 83
8146 14004 146
13497 2735 12
888 466 187
4907 616 20
420 12835 233
3484 3626 153
12092 7623 228
703 13170 58
11190 9803 130
14279 5223 7
3100 4762 193
7355 743 97
790 4449 122
11322 2518 20
7287 8260 24
6868 8168 198
6943 13651 14
8515 3542 101
12763 3118 21
2924 352 30
2558 2439 134
7657 4385 17
12796 1177 89
1043 197 2
3252 1300 230
9510 10391 219
13424 12777 224
10403 2189 165
104 4310 90
6358 7713 89
2738 7782 13
9412 8302 8
4928 3173 8
11023 8894 106
6644 12295 58
5061 55 126
6647 450 35
10289 3719 89
8359 4877 22
7015 57 165
6502 4483 16
474 2578 147
1924 13161 19
3243 8829 83
13990 14468 181
6306 6490 226
6644 6561 31
14318 13158 196
11251 3315 12
2371 455 115
575 1692 186
1048 4961 20
13368 6300 187
1299 11544 39
3706 4749 215
9310 5592 24
789 10956 17
5725 11599 12
9623 12777 13
6476 771 181
5976 8307 15
10716 9817 86
6711 3827 15
2736 3982 1
7094 10617 50
2999 11923 101
11118 2712 31
14060 12415 169
7391 9402 12
10914 11619 94
5323 1819 22
9463 597 54
10890 6153 16
147 4045 31
7307 10636 84
9915 3378 24
1080 13745 31
2101 6775 2
1746 6370 31
10956 5445 148
14488 13620 43
5835 183 26
11877 2088 199
4769 2864 8
14161 8587 25
12605 1746 21
235 5546 193
7910 6180 127
13426 3762 59
11341 6482 214
10013 2266 135
572 147 110
3349 5660 1
5245 3873 80
747 2578 115
420 7908 62
2553 9328 223
63 7887 38
2357 7123 181
8768 5421 68
14169 13764 26
13202 445 130
5061 14244 3
3681 6628 30
924 14268 166
3133 11559 128
13823 13018 25
14276 13263 194
8245 4623 21
7188 13132 127
352 1705 106
12786 12936 151
924 9756 225
413 7398 32
893 134 159
4226 14452 172
7765 7199 101
11478 846 30
4904 8585 102
4546 3054 67
121 5515 140
5360 6673 133
2054 12774 63
1850 7897 139
3420 12910 87
6115 1211 80
1445 9583 143
12223 3989 235
4812 9861 18
199 7527 16
6778 13405 194
12709 12975 131
4005 5808 220
13444 12932 66
1503 12773 66
7858 7672 38
13997 14468 182
4510 2519 152
7931 7494 30
3705 2820 47
3176 9839 214
7391 7417 15
8677 11284 54
3744 523 102
432 12033 26
13444 5924 127
3390 8158 45
9654 4089 58
13010 3955 194
14527 7775 60
6899 9976 95
1914 11695 235
2250 4853 82
5558 775 8
11203 9590 42
9572 3299 0
10584 8018 192
11278 9768 39
9379 630 1
3446 3854 150
1091 14420 39
1631 4062 22
5421 6128 66
9872 11394 109
10636 4234 38
4411 2888 59
11610 5143 191
7085 3656 1
302 13039 131
12839 699 2
10820 2064 31
6299 5089 86
129 1567 33
13218 5646 22
13768 7191 8
6682 12477 3
4922 10864 191
4318 3611 116
5000 3132 189
4664 1990 207
14488 987 23
6771 10094 206
4045 1364 102
911 1059 23
1059 3004 206
4965 10567 11
1436 8635 32
12406 7935 159
9047 1664 66
992 1620 6
1438 10613 170
170 3855 159
13979 10659 25
5334 4621 54
9296 12979 12
11019 3446 22
11527 12375 20
7284 13276 62
43 2668 66
4565 11806 94
7526 3885 13
11461 4295 85
11033 6289 24
3623 13064 58
7833 924 60
727 10366 55
4031 4026 150
5208 3963 160
10141 95 217
7587 9501 53
8999 5174 21
14508 1914 25
1885 4940 11
8999 11868 112
554 4276 102
12356 11887 61
10518 3020 163
8373 6782 13
13836 9310 24
199 13903 58
10288 1393 66
7469 324 66
4875 1324 24
651 1674 159
8277 7253 221
3477 3669 155
7887 302 31
7982 13624 2
9835 6123 48
14065 9335 66
1712 10151 13
7809 20 58
10658 2590 94
3897 8157 190
3200 8339 192
13276 13345 15
2395 11058 221
13983 1452 31
5742 11018 30
3513 9233 44
1277 10864 203
10632 11975 196
864 7018 54
7305 8293 84
2712 8940 40
13658 2454 214
9987 931 30
3338 623 13
10163 10645 31
494 378 31
737 2950 113
1449 6676 133
9553 6306 94
2684 9079 38
105 1379 185
5812 4558 13
12156 11904 122
2340 12284 13
1522 2895 8
8613 11275 40
4177 6488 7
3420 10665 145
4157 2837 8
5483 2218 145
11663 9214 192
11812 4142 158
7936 878 2
13768 11957 165
12797 393 26
2625 12044 155
3942 7644 68
9174 12564 58
1702 183 89
5431 12285 4
3889 4834 19
9856 13951 6
14397 14430 163
6054 12630 7
12121 220 62
11524 3173 22
12809 3001 39
3240 12845 59
14313 8819 59
10886 6749 3
5502 4330 234
12111 8374 214
2904 11339 37
5984 975 177
6186 9950 53
7714 9323 160
8588 13985 38
490 1388 27
7101 14504 114
7673 3398 39
94 3111 95
11068 6755 193
13822 1426 107
3020 10486 97
14451 1694 101
9980 10954 39
928 958 26
4005 11904 220
1059 7380 152
4694 11337 19
8059 1422 86
11668 4745 173
12630 14434 101
10359 3708 22
3623 3706 21
11966 5865 83
8528 9527 186
1885 5127 11
11713 14004 38
9113 11204 83
5968 9416 84
8772 8954 24
5111 10714 207
2941 1285 210
890 6006 28
9473 8177 86
6020 7441 103
5708 2269 6
8927 2284 10
4 9713 37
12083 6317 155
14298 9909 115
6473 1910 236
12429 5138 202
32 4803 16
7408 12734 48
3020 2233 160
14350 19 105
1198 6043 32
13508 13547 107
924 3708 108
10954 11332 83
1578 7467 150
11164 8926 6
13640 5768 89
4763 7708 102
8133 12630 2
13744 8675 190
11080 9072 116
10428 4851 7
12459 11154 21
2982 12500 113
105 4468 15
5983 13276 220
14337 3728 232
6958 3897 122
5122 57 37
183 11633 20
587 12801 188
12893 4586 86
676 3151 114
2207 1655 7
7495 6227 159
8912 3671 32
7415 1682 168
4975 6163 0
1769 7221 59
6660 4179 14
6523 4058 159
701 3046 24
5189 9480 228
158 7391 62
4885 14526 38
169 14380 2
7302 541 22
3426 12973 131
14343 6349 31
11652 14005 202
11033 7837 192
10029 2447 38
12774 7182 38
1913 14172 24
2646 6051 168
13988 7408 48
13856 13470 100
11750 3716 6
11784 6922 95
5172 136 157
9238 6322 191
5135 4314 109
3 1885 7
12506 5340 88
9655 8537 12
3848 6922 135
2587 5152 38
2267 3658 135
13110 6198 26
5223 328 38
8118 1509 8
10174 1 0
6099 199 190
7496 3004 22
14140 11009 66
11953 10263 66
6579 9068 186
4302 10473 109
12540 6063 38
7948 14258 82
7690 7444 54
4977 4578 102
8374 5020 59
393 6753 228
8561 300 7
5329 6896 45
5232 13228 3
6281 7901 13
9389 12241 17
8584 13438 88
8247 6579 109
6658 4590 97
1940 1926 202
613 4218 38
3299 6290 212
1672 8121 221
6351 5341 101
7100 14241 47
3846 10573 58
4919 12477 82
6173 523 102
12630 14095 83
6861 7749 188
9708 4770 84
14365 11904 25
7865 11724 226
6277 14507 25
11122 13780 67
2806 10354 143
1445 9663 83
825 500 109
1652 1885 163
14499 11875 188
4692 12010 19
6657 782 31
13037 8048 36
5968 1131 7
10391 8100 34
13725 13601 105
1537 2722 69
8251 8957 123
123 4764 144
4896 10316 59
12582 10527 179
1364 278 38
4257 4809 21
9311 5882 15
9323 14097 94
13315 10032 86
5179 14343 20
302 13639 152
14527 2270 6
11291 7444 54
13424 6986 47
2383 9917 3
6531 1250 12
1143 2613 97
4107 6567 1
11953 10820 86
12649 6135 86
5336 8931 15
6272 6306 3
2282 4703 41
11250 11247 40
8736 6563 3
10151 8239 49
13914 9047 2
184 1756 26
2860 447 106
10864 13037 186
11707 6755 8
7883 4231 106
2066 1177 31
7182 8463 7
5359 1554 122
6218 2523 187
2253 3836 109
8838 9703 220
4224 4769 47
6561 5546 14
7185 2895 38
8965 8434 224
8490 993 58
5378 975 45
412 4643 119
4706 258 83
5762 450 170
5169 2297 109
10820 1719 106
8656 3464 19
8792 2660 155
14417 12982 15
1553 12560 62
2143 3044 59
494 5812 26
14241 10039 18
2501 11904 58
11385 1590 38
7093 3980 136
5758 13019 89
6654 6927 6
364 6377 3
5891 8564 2
8307 5081 2
11658 14010 130
12630 12621 18
6874 11904 58
6799 1614 30
8433 298 165
7657 7913 25
8055 5209 138
743 5349 193
8489 10268 12
11910 5587 30
1059 5878 174
9892 4783 199
751 6563 184
3242 7588 38
12145 11359 58
6896 9217 98
9002 14488 198
14129 2331 118
1515 5263 136
1664 993 13
1732 1026 179
3657 5209 159
8273 68 185
11113 10112 116
136 568 107
4029 14259 25
10864 5601 191
2634 6638 102
7266 13480 83
6366 14430 176
4314 12776 235
1129 11633 38
10146 434 85
8293 4322 105
1302 1650 48
9083 1210 59
13683 11102 59
3752 14539 25
5778 5406 28
212 5387 134
10151 2442 54
2034 11663 224
4045 2064 6
5018 8585 152
5763 1756 57
5476 597 172
6791 4966 143
11625 9320 228
5492 8285 2
13345 11491 150
8714 8339 224
12224 12324 215
6989 12593 24
12813 10639 6
2826 12113 106
2646 118 14
8187 14512 118
2419 12360 228
3832 7375 3
12689 4494 0
5000 3471 50
10538 7303 186
3706 10639 38
8472 6847 21
2349 2935 86
10565 105 31
12734 2456 18
3350 10775 122
9447 8180 106
987 997 225
11118 4626 187
845 5645 41
781 4621 87
2024 975 27
13993 4796 58
13709 13034 163
3302 5893 188
4234 2990 38
6029 5623 122
8848 2759 172
11100 10714 31
3202 7455 7
1091 8969 38
2232 7971 12
7953 2907 97
4161 7346 38
6922 13426 131
2759 1988 172
14440 3715 66
11178 1886 22
7614 5398 97
4316 13945 15
11412 10477 158
10967 3388 136
11310 6639 159
14420 13 38
11927 1871 102
3726 7833 116
11768 12730 121
14492 2902 50
163 240 67
10107 437 115
12982 13848 83
2982 14199 89
14439 7331 222
2867 2184 130
3331 5453 58
2982 7691 113
3100 6025 24
12140 10490 12
1503 1581 59
11695 1631 42
4488 5111 66
107 5172 135
5530 5719 136
9835 11839 198
6263 2590 33
2080 4875 21
11904 14287 15
8993 5821 38
7161 5042 7
12773 13964 89
5430 8300 31
1771 12781 15
7800 918 1
2023 8869 139
1443 2590 58
2190 8016 32
13335 9622 116
7305 2906 20
5749 12977 49
84 4895 107
2046 13755 88
9216 10825 12
14479 12286 111
3276 1986 58
8406 9393 34
138 1843 58
13494 924 60
4136 3257 107
3255 8111 122
6567 13420 25
12276 928 224
2895 10410 224
5650 936 9
12630 13935 18
13895 6270 194
4966 10632 3
8135 11307 163
9371 6493 186
9509 3222 211
9283 9008 116
4651 9094 39
673 3099 201
8374 7415 88
6665 11977 17
87 13388 101
8917 3808 33
10027 9031 192
3557 9047 3
6317 6723 161
4426 11098 19
4236 13040 31
12730 2795 150
4044 670 155
420 6616 234
12630 5455 22
3706 4448 224
5724 4653 39
12675 1498 21
9643 7532 153
4377 7728 181
14471 11339 25
3173 8917 166
4638 5538 23
1503 8376 106
11117 1776 24
7951 7999 107
9702 13360 163
10549 5171 232
1650 5459 198
9151 7283 97
8451 11282 13
10469 2618 12
6279 937 203
11755 208 53
12112 14211 32
12779 8712 13
8136 12982 163
1193 2787 6
10397 5767 84
3095 7852 130
8059 5050 32
10820 5827 66
1575 6908 66
3792 5451 109
2894 478 58
2704 1756 62
10845 11904 15
14015 8513 106
105 6010 83
8186 772 59
14418 2188 8
6791 14509 130
2806 14527 24
12862 7887 192
11927 4464 24
10108 11923 22
4990 3160 66
8456 2510 30
1590 7431 21
2844 13426 163
8124 5525 99
3731 5449 10
968 8085 24
13914 13434 28
11170 8374 124
3465 1393 104
2982 7381 113
8189 3827 54
6950 9712 8
7833 6130 224
8139 13593 151
11435 8479 43
13722 2473 64
6430 6521 220
3534 9394 142
6277 5299 66
10049 958 155
5111 4623 11
14430 2940 176
8564 5916 24
6333 10825 12
1113 10965 48
10159 6296 99
4546 2068 51
9404 5976 2
13676 5746 68
4343 3107 222
2687 352 86
105 14137 46
5817 12179 38
5585 6432 35
4936 344 80
4253 11539 16
6608 11131 31
1276 3691 13
771 8684 86
4623 7651 50
8432 8913 102
3351 11834 109
4297 5479 68
8950 11561 132
7775 10624 129
9188 10705 150
6610 8450 59
13844 12188 60
50 585 106
2990 3104 163
9388 6277 184
3932 7798 44
8277 3726 41
6626 584 170
6411 12480 17
13952 5128 118
924 2260 128
3706 1 143
3072 3072 81
2317 6135 161
3838 7611 12
12730 3805 121
13812 4301 25
6976 3714 13
13224 3072 25
10402 4983 93
3472 2845 226
1537 2181 75
1560 12239 2
1524 708 3
3819 321 109
423 9431 202
13993 4083 58
1484 992 186
273 7870 62
8725 6363 38
13503 980 15
4399 3286 12
1442 14488 59
1587 6015 36
1240 6268 230
5688 7461 173
13464 10560 136
3698 14043 226
14276 9039 87
5482 6416 12
2282 9756 62
235 8208 198
14430 9113 163
4429 6980 144
10563 8375 1
13565 9752 192
11676 359 138
14518 10465 17
4490 4511 96
13439 352 31
14302 7971 18
13426 5805 59
13276 13889 62
293 13358 23
2569 10557 38
3232 9981 21
13242 4554 133
12072 2282 66
2258 2679 97
8506 4619 155
13227 3863 8
3173 2230 177
11685 5461 13
8840 1667 1
6570 13031 129
1587 184 26
5851 3765 199
4031 3334 230
4137 1630 38
8414 3673 141
3150 10111 2
12523 1803 203
12829 5421 47
637 12032 151
2515 205 193
369 10932 42
14224 10988 66
3534 74 109
13935 10401 15
8054 12443 159
7407 210 65
12478 2262 96
9613 13000 56
1327 5170 66
6884 12059 212
4752 12759 32
14241 14192 15
4922 3485 13
8097 10834 66
9093 2240 109
4616 10211 59
10100 1247 18
14495 12984 66
9961 11524 213
1445 3979 144
3945 1914 15
5778 4644 228
13276 7990 61
968 8589 136
5770 6232 12
11609 14124 154
3018 553 84
5790 3273 38
10892 1590 165
7531 9989 136
5296 12161 8
2395 4161 42
10991 8070 86
8369 9453 17
8301 9961 192
2655 10032 6
9215 1940 102
4478 7369 30
7213 1046 31
4049 974 83
5870 628 136
9416 5184 29
7837 1079 102
10013 13360 163
6706 3293 40
14265 166 187
3855 10004 222
3758 11408 145
5641 328 17
1119 12480 181
4764 7707 191
14151 5502 106
7115 4546 102
6643 1042 51
8254 14367 188
12975 1954 100
7971 3694 37
3022 12587 100
6561 2861 133
5391 8170 24
1264 3151 155
1115 11680 22
7178 11068 84
5343 6689 19
3940 434 85
8316 6020 27
64 4444 17
7040 157 32
1592 11593 183
6191 737 113
10431 75 48
14082 1433 58
4231 5612 66
4936 331 8
13624 2671 2
10364 9698 131
1756 3155 21
1916 12409 3
1236 1585 150
11564 10014 87
4688 8042 3
12873 12615 12
199 523 101
11071 6096 47
6878 7598 31
7039 4257 2
5845 10584 102
5208 8737 106
657 12730 215
12730 11798 121
5481 9459 106
9083 2439 102
3991 10812 205
8683 1287 30
2906 344 59
13983 5812 31
13335 13679 1
7947 2033 94
14149 560 180
4366 1125 140
6752 4946 157
12478 7402 159
14453 13265 101
11015 3999 99
10998 9909 38
8479 11074 100
6702 5952 59
4300 13562 66
9756 12646 62
2772 9200 46
1652 12975 148
11464 974 62
480 11499 31
2008 11750 87
5585 11118 66
1330 585 29
8461 12547 123
7182 6306 153
9938 10734 96
6723 13988 161
2307 11998 34
5789 9095 0
13066 14400 178
924 309 166
11050 958 38
4026 5841 89
3679 10327 24
5223 12343 7
14240 5608 214
404 13693 17
11757 7607 166
8187 3590 66
3627 9976 15
1665 14526 85
8168 1094 58
6349 5056 3
5758 1669 83
105 8835 7
791 9334 162
7323 7008 6
166 9564 66
6126 1405 135
11990 8313 25
12163 1829 224
1566 5000 189
1885 5223 103
8861 1331 107
7803 2378 7
14181 6137 8
1496 1922 194
9767 4697 116
6114 7182 115
9174 1344 8
9298 7255 38
4510 4166 159
11388 5812 66
13438 6654 122
10268 14368 31
5770 11558 120
14526 13399 210
10992 6112 94
4647 2254 23
9314 1575 202
4111 7752 106
2864 2091 159
14333 2357 131
12941 4469 183
1314 2233 20
6157 11511 39
8585 7053 116
8650 9961 226
2757 7400 109
3990 10955 94
4525 11006 31
9498 12729 202
3647 6037 152
3672 10282 7
2861 13188 37
772 4328 136
7444 4429 54
12320 5774 154
985 6604 86
13310 1914 222
1464 9448 15
8406 789 67
13226 1 12
6471 4683 7
12020 6217 37
5278 11275 142
13632 2516 86
5594 3288 32
13718 13024 229
6159 7415 23
3472 8362 21
9046 2193 201
4083 10299 58
985 13804 143
10688 419 87
14318 7658 213
6186 42 17
795 4551 59
147 10967 91
4891 5856 8
3472 1449 116
12759 2346 19
1573 13355 232
12893 8508 8
4473 5741 184
2545 7834 66
3825 12821 186
1744 6395 133
12630 13031 15
4311 1655 19
8712 72 186
12849 11055 8
11384 11270 215
2627 157 32
13206 12730 4
13956 2299 12
924 3927 34
11050 8551 8
8667 609 6
13411 4005 220
12148 11448 220
12583 4760 24
6923 7058 61
712 3698 162
1900 3299 55
13903 6714 106
2501 12233 106
4135 12560 133
4069 7200 97
1227 8754 77
11849 4287 3
924 7036 59
6195 11785 26
11294 6779 150
12884 2590 2
7008 10444 3
11989 7983 14
13573 183 89
10829 2004 124
6688 901 153
12920 1765 83
924 1605 128
14420 10934 39
13271 1361 160
13216 13434 133
8585 14518 66
895 6448 93
8198 9534 101
9207 4161 6
8837 4350 33
13035 187 188
1129 6544 102
9204 9511 48
4563 11880 212
10777 1950 24
3521 5284 8
331 7136 168
10657 3719 89
3827 57 44
14242 2780 163
456 13954 32
13490 5321 159
3525 3344 84
3028 4815 45
3722 14241 83
11346 2243 105
11221 4512 27
10879 10549 22
169 10296 201
3057 5040 136
6647 2203 35
12248 14480 37
4362 5170 21
7047 7887 21
3557 3687 60
5025 12346 95
583 12658 24
3390 12916 52
11904 4075 62
12097 11771 86
3854 5721 172
1985 12726 94
1335 4896 106
6926 2849 66
11904 7429 135
1744 6317 13
4089 9900 31
4922 9404 155
9421 4487 6
11042 13574 86
157 8097 6
9054 8803 8
11912 4760 94
12582 6993 63
8138 9320 135
529 11491 28
1379 4203 13
5976 10195 33
2394 1472 51
554 19 101
1959 11046 59
160 3307 14
7378 1343 150
14044 4044 177
13276 11099 58
11098 12587 50
12724 2501 190
9178 2034 87
7231 2250 6
6981 10529 8
5936 5994 2
6206 4557 24
9753 11843 40
5181 1445 84
4714 5458 109
6696 199 94
6508 11117 90
3551 14267 158
12891 13296 163
6350 3352 8
622 4201 106
3050 6757 152
3120 1244 106
7593 7149 92
9002 13785 131
11020 199 63
3176 1412 135
11187 7608 107
11058 434 161
5164 4653 199
1503 1394 131
14458 1423 12
6214 470 38
13269 13508 80
5502 6483 108
11406 8359 92
6523 8314 97
3046 14179 24
6990 4483 205
3363 1503 30
4330 4226 106
385 8293 7
35 848 102
12845 2762 59
3798 5763 109
13152 6291 95
2098 6205 59
11284 5052 95
8754 13466 58
8488 10306 66
208 10857 87
12410 13753 102
9723 6412 45
2033 6359 143
9714 6946 103
6584 14527 38
2256 4300 13
4135 3149 28
2866 10418 24
910 14154 17
3954 85 226
3095 1802 30
12845 585 163
3542 2849 38
1652 449 148
10539 13071 15
766 3867 7
1331 8303 174
3622 2895 47
9980 9964 186
989 14212 31
441 2840 23
3911 157 26
5289 13831 228
4798 8955 12
3349 1590 11
7132 13143 83
109 7905 204
6846 5189 186
2941 5223 32
11408 13190 232
6106 348 17
4504 7800 26
9074 1913 215
484 12982 31
632 14241 69
5502 4110 20
5852 8812 14
10174 14445 51
5728 2659 59
14276 9961 150
14537 5968 6
8189 13426 163
5465 9706 89
858 11622 35
10557 2394 193
11684 56 87
9501 12606 21
10819 3202 38
9536 2595 154
8117 6263 89
11448 3825 156
1131 4647 174
9305 5566 219
7837 1796 0
3865 4225 38
7840 9760 127
2250 1965 30
1875 7459 21
246 10858 200
8190 10879 153
13335 302 31
3038 3460 210
6257 4219 162
13482 1373 15
12135 3141 126
43 3206 160
632 4731 151
1914 10518 157
4829 2544 140
10567 2224 7
359 924 20
2443 4807 224
8668 846 152
5538 7176 62
6135 14418 86
13276 13188 167
3403 3830 19
9442 4464 83
6157 3176 100
11998 5458 34
3877 924 128
5928 2665 32
287 4346 193
263 1024 84
3378 268 12
2250 3648 89
302 8951 31
8033 13728 46
3839 12742 158
2266 5531 222
8242 6440 220
10273 2618 7
850 3525 17
181 13622 62
13844 6475 45
2256 6796 15
5208 10341 199
8068 13903 106
11811 3706 39
10195 73 139
7169 8558 177
3426 13582 223
1995 3120 202
3339 4388 105
12206 10758 124
9564 14490 217
3173 9908 175
6583 4739 133
7872 3852 7
9283 4391 38
2069 14445 51
92 7837 0
11927 12857 106
7651 6757 100
11143 5327 84
4889 9872 15
1411 9240 150
4280 4376 101
5558 11874 3
6937 2536 107
1817 6317 109
8615 3931 12
8204 3038 122
14507 12472 25
777 13823 25
543 6466 8
524 736 86
2270 10250 136
6163 4224 0
9376 5432 158
14118 199 194
4062 782 11
1849 3801 116
6534 12384 150
6091 542 47
6056 5378 26
1091 7951 209
2417 6135 161
8906 5503 39
8293 12815 223
5 3725 109
5422 6476 101
8004 121 11
12712 1264 54
136 42 171
5297 12095 105
593 14284 118
1004 7448 97
3871 319 1
3948 14518 3
11217 11369 21
5605 8840 207
494 3841 110
3099 146 39
4363 2187 3
4224 2711 47
9172 1716 153
338 2849 109
13988 5822 48
11506 14430 176
7798 6723 86
2385 3170 3
13062 3621 59
12651 5250 12
5190 8267 39
10914 1943 109
12169 9080 32
9174 4927 163
13988 199 62
9773 5178 118
4895 5001 48
6326 10034 12
2268 14279 7
10529 10473 226
4929 7940 109
3298 2291 22
12647 11336 32
5588 6719 114
14085 11327 59
13161 10934 175
2925 11882 3
1430 5829 114
12161 8383 6
9756 3844 122
5108 2324 136
3390 11730 60
5312 8837 27
1975 2792 17
10085 87 158
14488 13008 217
6773 2860 39
11114 7460 151
4412 12742 31
8171 2327 99
115 5644 127
12630 11998 108
1652 13276 58
10544 119 122
2999 9625 19
6755 5805 106
5740 10286 51
3573 1246 58
866 13562 24
2217 9550 2
13298 1474 15
580 7742 89
12077 4231 161
3042 12477 38
5714 3173 41
13426 14420 163
12189 3090 39
7607 10674 139
1877 13739 132
4464 4002 31
1573 2827 106
12816 7565 229
4468 5830 58
12494 11046 88
12374 7154 118
6218 2454 38
5152 6186 13
4035 6771 62
3863 13019 31
910 13242 58
9613 444 62
4763 9990 15
9585 5122 174
5060 6604 159
993 1410 222
1928 11955 48
6099 12105 0
3089 9436 12
6466 3622 12
13145 6822 66
5976 3626 24
2153 5216 226
4548 14365 165
938 10864 186
14236 10975 20
2816 11629 233
5223 6816 31
2046 11408 66
3285 11998 139
4934 420 20
1678 7356 189
337 4652 86
13756 4125 7
8854 1010 38
1405 924 163
901 6715 2
6560 3310 215
18 2912 228
1031 1993 19
273 14355 29
2256 12477 107
3055 7836 12
10397 8247 183
3411 1482 145
4181 2444 8
6621 2026 169
1405 9386 193
2715 9269 127
9569 5223 2
7924 138 45
4183 11294 124
9854 88 155
5122 13300 118
10219 420 20
5643 1381 44
13188 2321 66
1087 4853 102
2449 13811 202
2551 4922 223
10755 6790 184
13293 8259 120
3317 4888 172
13622 7094 30
6365 2740 228
8268 84 31
6006 4045 97
7214 3265 97
12032 14486 25
5994 14241 207
2034 13671 199
12345 10259 20
8857 2854 122
3244 1986 155
490 8717 27
2481 10806 86
13457 3474 66
12288 3785 153
2770 9862 192
136 1144 235
3021 1410 66
3331 2881 29
6303 910 226
12032 2590 15
12019 352 106
2321 6317 39
1461 8935 97
11355 8300 12
5525 32 8
12033 6476 107
7794 5719 12
14452 7947 68
220 1457 190
7651 1219 66
1436 5531 54
7541 4314 41
9281 10906 93
14181 11121 215
8374 10015 131
3773 1977 2
1585 6180 39
4418 9105 83
7537 5502 89
10026 6608 2
13603 5218 68
2982 4299 113
8490 9190 24
8251 4102 159
10380 12775 3
11707 10264 229
5300 7887 21
10391 7982 219
7959 8281 184
4791 12529 187
11269 10679 84
10003 9448 185
14381 9572 160
13758 12719 191
1448 2046 148
7649 6095 15
11450 12183 112
10954 4705 116
8450 9805 220
1276 10146 135
6665 7986 109
13701 11164 66
11923 7330 20
12661 10435 68
3408 9029 199
13636 5815 83
6440 3542 140
10845 13683 108
11307 11703 154
3150 2172 109
9399 13565 158
9764 12429 51
4141 7145 8
3279 4720 155
8696 197 2
9698 11529 198
882 2982 113
10284 10164 24
3232 6222 47
2267 199 62
577 6045 30
4231 2137 122
4563 1 212
3622 3598 38
9707 682 66
8790 7495 40
10720 2164 45
3990 12898 68
5701 12399 64
518 3107 13
11658 7742 50
9037 12449 3
13515 13418 12
486 8712 183
820 9277 66
11015 8829 22
12477 12163 66
5752 2544 155
32 13792 13
14364 7555 38
2367 1752 136
8139 13508 31
4595 7851 59
17 2046 21
13145 2203 66
10879 8187 84
6027 5209 205
2163 3435 66
12375 558 8
9654 13345 133
1399 1885 90
10396 2416 31
5821 4232 102
974 924 166
1327 2205 224
13243 13027 28
9444 9236 12
11193 3093 155
13933 5218 12
13482 2217 58
1039 1947 8
5103 7845 83
3032 8086 109
5334 199 221
10354 3577 60
6099 3446 33
10820 12625 83
8867 816 151
8561 8004 11
11481 7887 21
6275 8259 59
9813 3343 102
7666 5725 38
1448 14447 13
11686 3181 189
3173 874 32
11887 12730 95
13511 9135 101
9908 157 13
13562 2573 84
9149 8725 126
8087 12882 17
14430 7017 163
5108 3627 106
5509 11882 155
8100 4977 106
2897 4036 183
12268 11841 153
8534 11437 199
11359 1263 62
84 8244 206
4751 7168 76
11633 2864 3
5348 5108 87
10555 9002 222
8332 7491 82
6059 825 136
11606 2091 39
8231 7626 4
6963 147 26
5178 9886 180
1405 4752 106
9803 3296 80
7190 710 6
4679 4452 192
7488 259 11
7007 6489 66
1418 4494 0
9039 10025 183
12995 745 66
4189 14241 7
5002 8220 97
12542 5829 164
631 11070 83
3983 8619 109
5975 4551 2
3317 6216 15
5238 3516 87
2148 12769 66
5728 3292 2
9945 6753 84
8471 14524 45
1554 9597 33
10307 4224 32
3426 5108 111
6807 9710 12
3622 363 82
9609 12888 22
6294 10730 68
2045 6074 103
13459 157 32
9730 9805 3
2240 10527 38
6528 9136 199
10108 1248 7
2143 2233 45
6180 6774 184
1269 4237 22
7940 9203 183
2908 5030 109
1978 183 89
12420 4714 86
3474 8037 45
11606 853 14
6177 9475 66
2126 8374 89
12912 13285 159
7387 2982 113
4092 1314 2
7871 4817 116
873 14439 124
1452 7881 86
7583 582 15
14139 4797 23
10864 5849 191
13436 14241 17
3022 12895 28
6115 4022 68
210 6986 71
7222 2012 7
8838 1923 50
8330 8917 167
8853 1335 20
14195 1829 28
689 246 3
1935 10425 58
2934 11904 21
5378 5331 211
11522 42 94
11006 6928 38
14005 2501 24
1632 13765 26
12105 4263 127
2410 6798 14
14370 205 31
9961 6614 81
2534 4489 22
3482 740 212
7991 1172 211
7520 6054 230
2740 12628 199
2657 12500 83
8687 1418 58
10583 13007 20
13538 3456 221
1020 1914 15
3552 10851 199
6095 2507 15
6813 3075 31
10372 3854 31
4866 9298 6
3471 10963 22
5058 8839 38
4426 6051 182
9756 4474 205
9943 427 155
2827 2267 36
4904 3420 62
42 685 58
4967 4059 32
11305 606 186
4429 13345 150
5192 1449 15
1208 5794 32
8482 4546 46
84 2256 31
5270 7135 153
11388 454 31
4004 1910 153
14511 3233 214
2458 14537 138
869 147 91
6422 6358 66
386 3629 77
9828 4695 102
7142 13190 18
4507 5108 12
9761 13863 82
14137 8130 159
13624 10934 162
7391 542 2
12337 816 133
3752 871 124
6480 3379 184
7198 3630 39
2342 9796 159
12060 105 47
5736 1211 20
5492 10662 13
5476 6531 172
9998 5982 223
1793 678 90
670 1242 46
6269 7670 45
14445 10422 51
10049 10833 90
5743 8374 131
13816 3201 158
2744 4922 59
0 7058 79
14327 13740 58
6330 8712 84
1410 1394 157
4467 4636 88
14299 11725 107
13933 1515 36
14204 3706 226
14537 5310 38
11144 420 150
13492 10469 191
317 8841 21
14185 157 31
1941 12430 101
7565 4429 184
8070 10014 3
11524 4817 34
8414 10934 32
4982 11951 12
12235 3038 191
6792 11303 198
14370 11081 158
9869 10965 116
7733 13334 106
1443 7728 59
163 496 31
924 2240 59
5670 9988 126
8479 6101 130
5375 5041 51
13838 14211 83
1813 3868 165
13654 12730 130
6433 5089 17
5852 183 26
947 11539 201
7169 10214 34
4623 6679 144
3042 9787 50
3256 7041 97
10032 2590 15
7845 4888 172
6415 1059 154
11841 5525 11
12015 1461 43
12112 9512 47
11344 5965 119
4989 2884 21
5812 1456 39
623 8004 196
484 8654 31
419 4263 87
937 6752 106
4494 10555 0
6487 5154 153
9047 13747 37
10979 1431 84
13543 5200 21
1059 6874 15
1373 10281 199
7553 4763 100
6993 5207 86
3002 6876 6
2798 5805 7
299 7048 66
7306 9884 220
13692 4751 211
5391 8893 116
13999 7047 183
8920 14317 86
5580 9010 2
9764 4947 14
1844 10553 31
2758 6117 136
6080 14536 19
12148 9378 220
760 9354 38
12205 13966 83
6878 4619 201
2752 7536 128
9709 2176 21
4494 8082 133
5170 9623 39
1059 14400 37
1774 13813 112
12241 910 15
419 8189 39
14418 3552 123
5749 224 95
13844 8532 53
3250 5081 182
1446 3461 41
13276 13388 101
4226 1502 13
596 3633 84
4817 3446 102
4808 9054 102
8374 10300 88
6209 3226 27
4403 1842 3
4573 7935 15
6896 12234 226
10988 5154 3
14488 4201 228
5334 8098 14
7479 3107 58
5495 1194 8
9132 6736 153
8603 14102 23
3886 12356 2
4599 10518 144
4302 4566 12
3009 9277 153
8289 12828 106
10909 2879 106
11872 13175 66
1800 1420 8
10174 11269 101
13844 12150 160
893 11582 8
9525 7714 6
13470 3149 152
7348 5958 38
13952 11534 169
1457 13455 220
6287 699 55
4468 6187 152
12050 10659 59
14488 11396 15
4877 4226 28
2981 13431 207
1443 11448 190
5731 640 28
249 12892 2
10391 4464 34
2327 10749 45
6200 7811 24
6565 6163 0
7735 12169 129
3006 7527 102
5812 2759 172
972 587 89
11103 9427 8
14404 2578 25
11700 2376 24
969 1329 38
2978 708 62
13567 7849 118
8833 9699 12
12786 8433 23
6214 4083 14
1276 10417 97
4824 8505 133
6790 2401 188
12437 10377 11
7456 5478 109
2393 5181 116
5428 649 213
2308 12381 101
8247 226 106
11700 3474 119
3412 14016 22
620 11439 22
5911 7738 66
2945 7152 187
10141 13539 217
1914 12817 139
3292 6084 2
9548 737 20
1873 2945 22
1956 3855 150
10310 5902 86
5260 11336 97
12730 7971 83
3737 2678 15
9520 10452 24
4024 4929 229
6560 7250 6
10402 11724 207
990 2663 17
13549 6204 59
8493 7369 109
7755 9632 183
13819 10755 30
12709 2394 163
8613 8867 132
924 8583 20
658 2586 31
11408 6782 228
6180 8760 86
8870 1665 85
6375 9701 12
13276 62 217
14386 11162 5
11040 3407 93
772 924 34
13155 10430 130
5670 4975 84
5630 8450 220
9657 11062 163
2828 1674 62
2578 9295 153
2787 10409 38
10788 4564 66
1873 3579 13
1320 14418 31
8888 12360 2
10470 13844 160
5170 5108 122
7113 12341 59
8158 1794 31
707 8712 24
7588 8346 153
3802 110 23
884 2337 222
2702 5784 20
9012 7263 12
1770 10675 39
10040 11880 24
13964 924 108
10298 7852 87
2239 13174 3
3670 6813 6
1277 5818 97
478 951 58
6583 1071 185
8255 4445 6
2409 638 222
6618 2321 15
10434 5192 59
14092 183 89
2245 10193 15
5413 8400 6
3082 1712 135
9581 13390 106
4157 4046 2
4590 5482 12
274 13986 236
12880 9579 24
2874 4098 87
9861 7657 106
14343 2626 2
8033 3722 202
11904 14292 25
344 729 232
1275 3899 109
8770 105 157
7887 3735 38
2920 1865 22
7012 12407 86
3681 13562 6
4564 1832 8
5387 6715 2
2231 12164 170
8564 5129 66
11751 8316 106
8522 8374 22
352 626 131
924 7697 128
14435 9987 7
2338 7531 47
3863 11215 12
4791 11014 183
14183 3672 19
8999 6608 31
10241 8988 23
12177 521 95
978 4096 89
10789 5817 106
11927 13979 25
6206 8124 99
1393 4334 29
592 4522 160
1058 1409 31
2665 7645 150
6114 3276 115
8637 3341 50
1599 7330 155
6421 3141 162
12407 4888 172
3468 2410 100
1665 1381 85
13045 139 12
2906 3 59
160 7322 133
6051 7879 48
11626 3232 102
2570 11660 30
3921 11388 107
9243 4514 7
11080 2266 160
9872 8410 8
13073 7527 39
12169 8461 219
3465 569 45
13260 13622 31
596 568 114
102 11024 220
3627 9375 15
2501 2385 106
1752 4865 6
7007 1211 185
2553 412 109
3352 7169 31
6079 4506 199
5461 518 97
12358 4246 97
10056 13827 68
8412 7948 1
8140 4316 62
11478 10446 101
1470 9346 3
4035 11292 39
6175 2501 199
4440 6991 39
8451 8077 13
3954 14355 8
1013 434 85
5200 13515 2
5880 11294 166
9532 5698 131
6453 8745 224
607 2203 159
5377 1756 135
9541 2847 7
9908 9572 209
12727 5438 62
5413 5793 97
8410 3701 224
10834 6440 229
708 12492 192
4187 5122 59
4004 924 34
2501 3815 109
1718 7934 45
12203 11046 88
10955 4639 229
3605 4157 164
7495 2651 151
9961 5849 38
9838 13298 152
2587 1503 59
4334 9803 35
9082 1732 226
11178 13694 24
924 1223 34
6366 2376 228
13276 6055 135
6652 9713 21
11473 5342 82
14408 5368 20
4989 3825 109
282 12569 66
7018 1 66
12287 8885 94
529 5723 1
13710 14518 36
12335 13732 52
13206 7787 173
9283 5675 109
4804 11438 58
12038 936 30
490 14343 11
4958 5652 26
985 7113 230
5223 3854 31
11310 1914 171
13349 717 216
14294 5509 88
4566 1575 2
7429 1928 48
13503 6538 122
182 7302 38
9601 1144 106
3184 10990 198
7034 10042 6
6896 7353 113
12043 7322 205
5315 782 102
9698 1 51
8369 12773 112
450 7346 38
13 8326 6
622 12966 185
2525 10567 90
3844 11141 12
4775 5643 21
3989 9978 8
5646 11336 186
12201 11668 43
4200 10112 12
12437 1422 105
5721 2512 89
6515 12801 20
12264 199 83
2544 993 185
10754 13844 6
14364 84 31
11187 209 19
3358 3794 236
11956 12908 2
8725 5426 222
6159 1746 13
11423 1339 34
3446 14241 22
3989 136 69
7081 567 181
12882 3887 22
3884 13653 8
2946 13059 22
5361 12630 22
6878 3188 183
3203 5223 103
5835 4350 106
13438 13426 88
5973 11713 38
8211 5510 84
136 14355 174
10567 12893 7
9178 2045 29
2730 2871 20
3401 14194 38
7146 2308 3
13902 6098 106
2012 12130 39
197 6025 2
7707 10658 210
2460 11421 86
9891 3810 184
6245 3361 94
8361 2849 66
6714 13251 50
8377 8331 32
6293 1503 31
4184 14327 8
3645 4653 183
9943 8406 32
11771 12661 47
9668 2 101
6186 2780 39
2843 13490 68
12719 4480 141
5531 5378 167
192 5936 1
12241 794 15
2395 7726 226
2941 3661 19
3315 2307 105
8842 8776 135
6080 494 31
8653 12409 129
12490 7018 37
5976 6562 127
11846 13099 26
9778 11923 59
3001 12734 51
1083 3218 14
5769 2491 194
4922 3762 106
2634 3512 102
10620 8910 82
10778 8034 36
7295 4314 86
8999 1881 26
11915 5836 68
3832 7603 27
4223 2392 31
3245 4083 122
8790 6976 170
7385 3556 14
7380 12665 19
6217 1800 66
12488 6540 155
12318 9122 12
13859 11146 7
5579 2413 200
3053 14192 97
12873 3852 3
1869 6907 136
2034 14353 83
6406 7259 30
11280 1523 200
6154 10283 106
2387 8799 191
13553 10573 54
13329 1013 40
9797 13327 236
4427 5790 12
1164 484 185
5081 4791 30
3669 1754 3
4152 598 7
13835 1941 8
4946 3597 17
13275 8410 8
761 9649 21
4947 2739 135
11219 4221 129
14488 6923 61
11717 147 91
6770 1985 136
10491 12720 191
6086 12959 101
13206 628 86
3579 5643 86
7631 6426 12
434 6540 85
9645 13466 15
3112 9572 207
12029 1718 58
788 4949 8
6268 9176 191
13550 12963 26
9046 10749 3
1845 4783 83
5239 9705 57
3411 8592 228
12241 1516 15
11134 5603 109
725 3680 47
6073 3857 76
7966 56 221
12617 14024 94
1379 6205 224
8393 6561 236
4831 14325 8
4724 5001 24
98 3651 20
2388 1742 151
8254 10209 215
12560 12538 83
13358 2892 22
3181 9945 112
10391 13019 34
92 6055 150
3001 2945 45
11733 9867 86
8658 11998 219
6846 475 32
7886 157 12
2622 6412 136
2032 4594 141
3723 5415 97
14203 1308 24
2195 13549 59
13409 10877 89
9142 12709 88
10292 13740 190
1408 13552 45
4081 9997 170
7887 11938 24
4853 10388 192
6300 8978 66
13552 11651 66
1450 9572 101
4168 5645 13
6568 2998 19
1826 11031 196
8100 148 97
1883 3446 38
1549 606 230
9310 7697 6
7052 3285 101
12648 8695 202
9025 6603 30
14488 1587 169
2054 5651 22
7462 10911 66
8454 10111 3
6985 10854 86
9002 11520 66
6816 1482 106
3446 1080 185
7607 7132 166
9697 4842 205
11827 3028 205
8187 2388 86
3307 205 59
8536 2877 226
12555 8495 21
1712 5427 23
10892 14495 56
3121 7408 9
3307 6702 59
2231 12578 40
308 8170 106
13242 9545 226
9431 11461 161
8355 14140 66
3995 9705 9
10037 6884 196
2925 8418 21
7235 230 7
9938 1406 139
10020 937 117
3846 892 7
235 2075 28
9562 4006 32
8547 11537 83
3705 3744 106
6966 4314 41
10195 12732 126
4489 9918 66
5949 12026 87
9705 98 92
1811 14241 7
3331 13466 15
1793 9506 22
6495 1 199
3 2978 14
153 8013 113
1913 6011 37
13698 5968 86
14452 9890 172
13618 9630 43
5336 78 109
7657 9448 28
10204 11209 45
13461 9379 189
3360 1320 95
14133 4631 25
6616 10499 129
9522 192 136
7756 14308 126
874 5715 228
8183 7495 9
8930 10814 3
4714 11935 183
9765 7213 7
8843 10714 207
5679 12560 22
5770 14388 160
2022 1155 3
1913 6508 102
11137 1091 21
3521 2906 1
5881 4535 1
4007 494 91
14488 9749 15
12888 12 22
4450 7307 201
14044 2281 136
2306 10584 17
7149 302 171
494 9242 26
11956 11582 107
1296 13952 36
10286 9908 100
8928 13492 203
13913 4776 92
910 5623 177
139 8488 177
9367 6568 201
260 1754 119
532 11417 8
386 13770 122
13345 12220 150
5901 1935 30
11339 352 37
11646 5975 122
9756 9293 62
12010 10677 7
8323 1200 202
2503 2143 24
1677 5755 42
5194 5516 6
8063 1445 66
9407 12630 83
1924 439 31
12875 637 38
3287 10749 19
1953 352 30
5662 470 162
11904 3932 62
6228 5945 13
6252 6120 21
7043 5002 6
13626 14393 118
10636 1050 136
12358 4092 7
8827 7716 47
12893 2634 12
1087 3969 28
11499 2507 177
9401 928 120
12477 5946 19
1471 13045 165
8500 4863 37
11234 3914 99
9628 13732 204
9354 6461 136
5628 11793 17
572 7436 106
9910 9490 97
1196 2780 202
1222 9177 150
1129 10370 6
425 4522 138
11265 4731 14
2958 11890 179
6631 8418 43
8615 24 102
3248 14418 31
11966 2282 205
9255 4283 21
7735 14241 22
8861 12991 185
3366 11839 165
12344 11966 127
3860 3469 12
14444 11012 25
2761 11904 190
620 7588 177
871 13242 212
5517 5975 66
5734 13043 130
6547 11890 106
13286 4982 12
9977 12035 114
2969 4922 59
1885 6051 163
3633 3875 30
3469 419 193
4836 236 44
10754 13938 12
7322 4855 152
2092 8522 45
5107 2653 204
12824 12523 191
735 5929 177
1719 4882 97
13349 5501 112
12714 4890 183
8703 9221 203
2614 6214 12
10486 1084 12
8053 9291 123
5571 10730 158
10623 8122 3
10441 643 11
10665 12845 32
11350 554 17
12289 8634 25
4115 4474 16
10112 14527 6
13844 1659 3
10053 2039 66
6317 352 156
5758 12936 63
10043 2888 38
2250 4299 138
6018 2431 39
12982 2537 66
5390 4338 84
5651 194 26
8454 1319 12
1086 103 20
12912 8180 6
13084 9623 58
14337 6298 116
4652 2544 13
0 7839 58
9627 5146 142
8374 5975 88
12534 1340 28
11844 7763 225
1591 6562 32
2678 6377 149
14080 8786 2
14207 1736 15
2431 5726 176
8667 2266 205
12105 4910 65
4132 813 94
2090 7905 80
7512 6348 2
12630 11619 80
9310 14382 210
13971 13478 101
1748 9113 24
13562 8692 1
10464 4007 30
10062 6628 83
1576 9693 31
4133 3825 109
59 12729 54
4372 13296 131
7487 12678 30
5454 5325 2
6541 1674 96
13538 14340 54
4563 9579 212
2854 11522 116
4705 2792 119
1448 11564 83
2123 10481 88
9249 8406 6
1301 7798 97
2367 466 1
1885 12893 103
7597 1606 59
14265 14131 12
1957 9623 62
11707 10992 24
13276 13953 213
12882 8919 207
2659 4079 3
7416 4928 2
2338 11210 38
3116 10496 11
8187 445 12
11388 1361 28
2217 12853 207
6440 663 3
6679 3105 39
2325 8917 22
7337 9995 53
14451 7852 101
12875 1043 37
2516 12793 191
9774 6816 8
4130 3027 184
6440 11633 50
6498 13631 12
8850 13924 87
7817 2935 168
13426 3806 88
5740 1274 8
10620 8259 24
8052 12620 3
7690 13988 15
7657 7047 3
1218 4934 192
9945 7504 102
8377 3168 136
9586 2864 177
3173 3762 84
9449 2792 192
3618 14504 39
3687 1043 66
2378 1952 45
6322 8116 191
11738 6783 122
1716 3821 45
2734 7552 2
12428 280 22
5946 4563 212
5878 2590 66
1418 8719 122
2485 13037 136
5390 4157 6
7991 3031 138
4322 607 102
8048 5378 178
5723 2395 21
8847 10472 204
5940 6561 48
9651 10206 23
4791 14369 31
910 9160 13
994 9934 125
4448 199 15
13358 13612 217
8153 7951 207
5658 5955 59
2032 7940 186
4923 1089 43
3464 4549 226
8394 10407 50
13795 13206 124
5844 6680 106
10017 686 59
926 5911 61
1673 731 2
11221 3109 44
11556 506 106
851 5650 45
3149 6411 152
484 3863 31
14454 183 89
12172 13904 37
2162 2764 108
2294 12083 162
6095 5703 149
12945 10850 86
11887 1236 228
14531 420 25
8999 11385 2
7494 11343 12
2282 12279 179
1395 6687 109
2830 6977 2
687 7526 155
5976 6027 87
12349 8406 83
479 84 31
14241 8940 94
10032 2945 8
10265 772 32
6624 3173 60
14172 728 2
310 9216 84
8379 12376 207
6306 7161 164
42 8187 111
6680 3365 66
423 12443 159
4611 7921 66
3378 845 107
5441 3743 8
307 4896 230
5225 10579 131
1146 5125 47
14267 12641 107
640 13438 58
675 13612 224
10619 2651 13
6675 10834 226
5594 12707 173
7256 7408 21
9120 1154 84
11505 8927 159
4287 8351 61
9664 10235 45
56 4026 206
10402 2323 8
6858 8138 77
10579 11040 163
5714 14279 30
10864 7893 191
352 5073 184
6363 2860 59
4511 9185 87
11486 6336 203
1692 184 26
1056 8576 150
6206 2501 109
743 1467 6
42 5945 17
4424 5714 84
9026 11371 60
7501 10825 1
10531 13014 22
6557 14116 82
11904 4326 122
2902 5597 184
8834 7908 28
11879 10883 163
4214 11801 165
10396 5041 107
14527 7894 48
420 8303 62
5736 7657 21
9233 4994 54
4514 6126 122
11058 14276 198
12519 10529 220
2618 14201 160
6031 993 193
4357 1885 11
13699 7597 31
1754 13822 187
921 10066 109
505 5940 6
7657 10050 24
104 560 109
3762 3400 7
5074 1467 136
2861 5726 163
223 2054 234
10298 11444 68
1813 9176 191
3358 6060 1
13503 14154 150
11578 5691 12
4418 13988 47
3378 6490 2
4875 12879 193
7338 9572 128
901 1652 2
1689 3556 84
147 8491 31
439 728 59
2011 8908 191
9813 14298 115
2754 11665 63
7951 11935 43
7806 5375 184
11190 12071 178
12529 12714 107
12589 5441 215
2259 3601 122
13482 4226 132
3466 14102 226
4020 12982 32
1031 919 183
701 3446 199
1888 4211 230
9290 12908 7
4632 781 152
129 11876 202
1336 13748 118
5370 2946 223
2550 1970 195
8662 6061 201
8638 1847 42
9278 9805 213
5854 13340 54
8063 3477 17
4111 4586 97
5094 8247 30
2759 1 172
8596 11874 213
495 11880 214
8350 12190 12
2068 11155 198
2089 1888 6
170 11882 38
136 7637 31
14143 11461 161
94 2940 228
13106 3446 83
2239 1954 45
1850 9222 22
13552 4209 77
10092 6753 186
6315 28 103
6277 9801 191
1743 12247 59
3665 2358 42
13615 13753 3
4330 7263 2
10590 1105 45
2135 10811 124
3200 4714 186
9588 6945 12
7326 10126 8
4853 3764 8
1652 10973 84
1491 9347 8
13064 10811 124
1650 490 67
1664 4201 116
5410 11122 3
2873 3285 101
10317 708 143
5138 9323 194
11389 2044 55
4277 3694 36
5905 8180 59
5214 184 89
2023 3197 219
8255 11095 107
7332 5973 207
9886 447 36
3715 8596 32
14292 9831 25
7663 7878 93
6101 14133 25
4043 4336 29
9516 1059 88
9277 8948 15
2658 420 150
6390 11882 6
12067 14488 15
6993 1280 236
13801 10603 160
10566 11347 7
8509 6943 2
2009 180 86
3127 10554 86
6108 8369 51
6123 6543 62
4468 2282 218
13084 1999 97
9443 6761 150
10401 5936 2
2319 8696 66
7839 13045 167
301 11626 28
6411 5507 221
10122 6010 38
2287 7887 138
10412 5144 183
10078 5223 2
5767 12149 59
3886 4297 126
14466 1310 130
9266 10779 153
10542 11904 62
2284 606 7
4668 934 153
8681 1657 228
11997 4372 82
8671 364 84
12076 14276 86
12522 5488 66
2392 2735 34
659 905 12
8187 5784 31
8456 4653 97
13888 104 25
4706 1541 24
4427 3832 44
3601 901 32
6501 9409 220
2472 2104 2
4822 13254 84
1607 1176 59
11342 518 236
2501 3153 58
14430 5808 163
6277 4987 84
5292 12838 24
10854 11603 66
7733 13656 19
4840 2665 213
6350 7378 43
10695 7940 20
5206 8332 122
9292 1850 219
7234 2585 153
2407 6175 83
14324 11750 17
11880 6665 38
10825 1819 228
2864 4897 7
10837 1552 2
10454 1768 44
715 91 20
420 10518 62
6543 8980 94
901 2774 155
3961 1177 24
1395 8034 196
4413 3318 167
3999 2277 45
4452 4535 1
8635 3527 94
10924 1885 11
9579 5277 22
4929 3852 183
5748 3633 30
9512 4857 90
679 4448 7
7736 14084 26
6541 10781 216
3477 2641 125
1634 4224 28
9987 13544 12
1304 11838 53
13782 11844 83
2355 5815 143
7085 9668 43
4914 5070 3
6163 1879 154
6159 12730 150
1394 13428 214
6644 4083 59
2847 450 2
4392 3863 2
181 4541 101
9859 2252 220
307 27 28
3337 1928 29
199 8841 222
14193 11652 86
1418 9015 17
8556 2143 8
4412 6919 21
12063 11616 109
4464 1693 97
3757 2835 12
3038 14035 25
12973 12415 118
11842 9721 47
3518 14276 38
5907 517 26
2748 4211 109
2941 11364 84
14318 1007 100
12630 3046 54
1498 11139 6
5209 474 159
966 11294 21
8468 1737 201
10492 7271 109
8309 7254 19
7112 6829 68
834 2562 221
8374 8507 59
8004 3512 120
13921 7851 13
13861 5849 59
8052 7714 105
907 2192 181
14006 6741 25
10428 8568 20
10956 4226 11
646 1019 189
1361 330 228
2360 1593 84
8170 2738 156
3684 7607 108
4399 183 26
13038 8157 38
938 10254 106
5835 10703 21
12630 13242 143
84 8662 234
12517 5492 7
7448 9681 8
3631 12274 8
13426 9030 163
3072 184 89
10995 13013 108
5378 3557 226
11684 8898 122
12734 1028 106
2947 6422 12
6480 1803 38
12599 6771 192
11593 678 6
12402 4482 38
3026 4158 6
924 14202 118
4523 8087 181
2039 6813 82
2244 2735 199
2340 2591 97
13018 5741 8
5397 2064 14
3762 7781 6
14530 84 118
10509 235 48
11599 4345 30
10567 3307 103
3838 6531 159
1043 13426 88
2515 10857 133
14116 7681 82
12416 9786 19
109 2958 138
2895 9622 47
8576 3706 41
10676 5107 94
2385 1793 90
7999 4590 2
11255 3104 6
10064 1287 170
9825 4013 59
1566 12041 107
6473 2792 123
13967 5378 36
3784 11006 133
1922 5898 102
1720 11310 13
7657 1502 39
9836 178 20
2396 299 104
2152 905 153
5171 7916 133
8552 2821 154
1474 7536 225
419 9734 160
13862 2989 57
7253 5198 132
13349 14238 216
3410 5341 11
2331 6322 191
14527 3299 212
12786 10518 15
2590 4034 236
5055 5473 136
12630 3660 7
6086 6608 112
11058 13010 15
14160 9150 42
11904 6897 139
494 387 31
6454 4129 2
4054 2533 3
1080 6680 13
7837 1409 1
4892 6184 94
6663 1425 38
7922 11439 22
8668 299 15
6300 8921 38
5737 7380 30
1334 4448 66
6261 6993 38
7937 8930 2
5398 7448 97
14212 6378 23
1764 9731 101
1 13141 207
5427 11310 23
11349 3243 106
1043 2404 122
6741 14489 25
5459 11367 219
5737 8531 109
3468 10073 12
9813 11127 136
1977 3317 3
1541 4135 147
280 7531 31
2121 10940 133
13452 12437 105
878 13472 221
6719 11118 123
7514 8819 20
4494 9756 0
9229 8376 2
7607 9443 129
6453 2644 134
12526 10858 200
6025 10435 58
628 136 163
9886 94 36
6690 7887 192
9748 8487 40
374 3800 102
12358 775 153
11757 2656 143
3146 4490 109
13728 3411 159
618 2477 12
5822 1540 21
12399 9420 64
13428 4413 226
10506 170 150
2826 2930 184
8168 2556 42
5374 4231 106
7199 11904 135
5225 3718 133
1325 14536 126
14318 11131 159
8658 14082 58
2596 1327 12
10874 6801 6
4321 9557 97
2417 5138 194
11641 3018 109
302 8406 15
7169 9720 184
8634 9482 172
14067 1867 2
11090 11957 38
13856 10443 87
5481 5674 97
8117 7188 89
8531 2772 46
1822 924 59
424 890 199
13860 3426 84
8281 10812 188
13684 10573 163
14484 577 50
259 10054 27
7859 10527 82
11464 8034 202
4835 8910 59
4994 14276 150
5436 2262 83
11551 3940 98
14174 2723 3
14537 4699 38
2189 3197 24
14355 1575 107
9472 12646 43
12848 10188 20
11532 4604 59
7951 6176 136
1262 12047 146
4445 1409 185
6065 6345 186
2860 12047 39
2740 3583 24
2274 2375 87
13074 11178 17
11388 3963 45
2472 10932 207
5209 2630 23
458 670 109
9218 9717 199
8707 3959 47
423 8866 36
10551 8277 214
12658 7721 8
8781 9012 22
1467 8662 46
9998 8884 95
13300 12207 130
3656 6884 1
924 9041 34
3756 12210 31
11456 1697 89
4089 11131 59
6146 1537 123
11067 10316 32
424 10965 34
12786 8438 58
6342 847 140
1526 9435 20
5674 5287 158
1410 5146 159
10239 5975 66
13030 2059 50
7893 8407 24
8288 202 24
129 12054 127
561 4875 106
2780 11663 26
5273 12730 121
6156 1432 40
11892 13116 15
2346 13019 8
6586 7912 86
10242 13652 37
6583 3722 133
13263 164 66
8079 10921 94
7360 10552 186
6291 50 95
11680 5342 47
2910 4297 192
6047 3183 68
11499 9341 8
2590 3104 24
7066 4083 58
4975 2032 97
7657 12000 100
14404 9920 25
6302 10806 154
637 4277 28
2895 13048 54
1959 4303 136
420 6783 233
9734 13758 191
9696 11203 12
5164 4445 6
6266 10518 107
9183 12560 61
4586 6983 3
13103 924 108
1633 11743 83
2468 6440 27
4696 10425 83
4816 13469 94
13399 1980 88
7331 5483 77
1504 365 109
9420 2616 197
3059 7817 14
9229 5265 2
8032 12452 207
9756 56 133
6782 5158 3
924 7977 166
11653 2215 22
5517 10769 48
4293 3488 22
13622 8588 107
8806 4314 9
2236 4874 19
4957 350 105
8712 4972 58
2055 12077 85
10887 14034 228
10923 12884 20
1549 298 162
13851 333 207
9029 7495 151
6090 7951 22
5170 291 192
6853 1836 23
4943 8016 38
14113 423 180
8566 1382 82
14488 2507 72
2894 3705 37
5811 711 3
6808 1738 140
8095 11514 19
1464 4447 121
13787 5320 122
11515 168 32
5198 8059 132
1059 232 23
13954 13308 22
3240 1868 10
4558 6962 160
4249 5827 162
4157 1713 0
8109 4541 30
11137 7075 68
12880 10235 165
14526 1541 6
4922 1306 109
8915 3028 37
4438 9651 102
12120 7036 59
7940 9858 1
4292 3449 84
12528 6027 31
1393 6947 66
1679 2732 2
5936 11027 6
7193 4152 101
5303 3481 38
6810 1 126
10417 5483 192
11625 9756 89
1575 13892 24
9572 2923 3
42 2139 58
2008 1365 59
9756 13856 22
941 6487 97
6260 3215 45
3243 9281 24
5812 2359 66
5040 494 31
975 1697 60
8261 4652 68
7657 12909 24
3006 3125 32
7378 3576 13
6497 3462 84
3511 5256 119
1618 12805 68
7408 10482 58
13066 13740 37
11575 13533 38
14521 14488 25
9749 2689 83
1567 10251 158
4285 11604 84
3613 8999 45
7281 10260 22
11066 11466 207
1 7338 128
13330 7261 118
2532 6440 47
12186 195 227
1705 627 29
9654 5195 198
10143 985 20
5256 1340 185
7259 508 186
12290 13875 163
3173 2884 3
715 9721 48
14468 2192 182
7488 657 38
367 10965 48
13144 8761 203
2267 5713 29
27 13651 232
11410 12193 199
13426 7136 88
13086 13182 181
6547 8297 2
5488 12551 170
134 7219 13
3603 3845 122
7817 8000 232
13786 6661 35
4350 3602 213
4083 1340 24
4092 4004 13
7590 1473 164
10275 3687 165
2265 453 66
12567 1706 38
8084 5199 170
2256 6527 226
14212 4791 107
1914 8406 15
13533 5377 37
4135 5895 66
1585 6135 161
5157 1081 7
8385 9572 83
2874 5525 236
2342 13928 228
11558 8207 122
8300 13410 118
5108 9572 66
6229 2402 106
10864 13823 25
4922 2501 56
14488 2370 101
924 6275 34
14515 12582 180
6037 6119 19
105 9952 7
10377 14241 101
10995 8906 150
8506 12861 223
3471 7795 7
99 8493 175
8923 3808 66
10722 4925 40
853 10874 24
11294 5172 48
11582 1428 8
5834 3806 38
157 4157 13
6837 14003 20
12337 183 89
11279 5378 228
1494 7939 68
5046 2381 21
4492 1911 38
4501 9756 22
14280 13426 88
6341 10409 38
5301 9620 184
14227 2186 20
10402 3704 15
6863 9204 3
2064 5313 187
5695 1732 138
4399 8797 106
13647 9756 124
918 10586 68
12630 6854 101
2895 8437 39
1611 6924 221
1566 792 109
6382 2686 38
2109 1199 50
8881 9908 138
4089 6211 59
11184 1373 58
270 8587 168
450 13361 99
2550 136 195
12917 14199 226
9756 12148 220
8220 1964 6
3943 11652 39
6255 10449 14
2502 10560 147
1020 5808 15
4079 1849 164
6180 4936 12
13007 14003 21
8492 6938 219
11837 9047 107
4062 11294 38
3301 7533 145
6985 3766 102
11327 12982 106
14005 12573 50
12059 111 55
5368 2847 59
105 1990 83
1496 607 106
415 1120 207
383 10276 226
5672 185 84
9047 7353 228
9721 3262 7
12554 11527 21
10263 8560 58
14537 8254 8
4524 1480 234
2250 8918 2
12993 7859 82
4517 13420 25
12349 10923 101
8102 1732 179
9981 8076 66
9808 8725 116
4102 13693 17
1334 4978 21
11893 5640 20
13732 13492 191
6175 4501 15
2308 4951 8
10965 2377 59
4322 769 136
920 701 199
14205 12982 37
4413 8344 38
12179 4590 153
11405 9177 219
2372 11546 158
5481 10377 11
13890 13505 124
519 2117 97
6610 13939 12
4936 14236 20
2722 2057 77
3806 6966 32
5827 187 193
5602 12613 155
8235 592 94
12601 701 111
4368 4488 162
1922 13683 160
3762 9566 183
2759 6523 172
4834 506 177
8108 10926 102
2763 14536 38
7145 10046 32
10620 13227 15
688 8722 64
7958 12601 83
10289 5229 13
1133 9650 191
9375 2023 34
4780 7043 38
2295 14227 80
8056 3082 152
8542 29 14
11612 8139 187
2183 834 205
4390 4069 216
5287 682 38
5880 9675 22
7740 449 15
3794 12999 28
5245 491 3
6423 11947 116
6725 2982 113
3616 10518 31
11058 11965 205
7059 9049 152
6782 1240 177
3845 3338 155
5777 12684 82
437 12247 54
12340 10195 207
13185 1447 198
7852 1379 15
6680 9965 111
3728 6150 8
7356 5841 112
8913 670 2
6341 11297 21
9090 2596 24
3794 3443 77
5807 12407 159
12066 9870 66
6208 246 236
6349 525 186
8608 2274 62
11889 11169 106
14265 2227 7
10203 3109 24
13503 12624 188
924 12337 108
1042 148 102
5829 9290 127
1205 7887 192
14361 1314 25
9612 2844 22
7364 5480 47
1236 7408 15
6020 6934 103
11931 6108 38
13844 13820 21
2304 3794 122
9697 13421 35
12087 4253 193
6541 4707 96
7381 11941 68
6369 7024 50
13335 8644 46
13631 3529 44
1771 12781 15
2084 14318 17
8259 3653 37
3481 6306 38
9565 11529 194
6282 13851 8
5435 300 38
4287 6845 135
7880 780 184
8799 5937 191
13753 2318 59
2365 4791 30
6151 11720 21
3998 105 39
6861 10864 203
11752 13276 101
9930 9504 153
4341 147 31
866 3299 54
3057 4004 12
3678 11074 59
5651 5004 2
3744 4323 228
2577 13018 8
1641 12547 201
10118 8433 23
1276 1390 13
3706 1125 13
3395 10067 199
6639 11524 208
2950 13559 114
2089 4677 8
5356 547 20
257 9938 221
5164 8847 38
12880 3275 24
8387 14006 25
6865 4158 173
4919 9512 94
9266 2203 215
4683 6377 135
1044 7040 86
4168 13346 94
6547 2055 135
14276 5138 66
9527 1175 21
10954 7138 24
11359 13694 62
4682 5808 163
13753 199 222
12624 730 99
13330 13763 118
9288 6042 226
4478 2394 51
123 4922 30
2304 1003 229
23 12754 66
4094 9806 186
7852 10299 58
5878 4943 153
1700 14035 25
4594 7062 6
3290 11838 17
8374 1393 163
10211 6782 106
9662 5245 183
13276 355 122
121 10143 57
6250 8717 59
4648 7657 6
5631 419 15
275 4429 194
9431 8637 66
5293 588 152
1124 11006 133
7936 1379 14
2033 3012 106
2259 4707 2
9923 490 27
10506 3728 159
4482 658 38
2359 4130 84
5959 5089 192
8773 3090 189
2545 7235 92
11178 14460 124
2260 11074 101
10107 5782 115
8283 478 54
1163 8360 60
4922 9305 66
2895 6547 15
7811 11385 2
9872 10004 222
4664 6490 82
13858 6749 12
12452 3411 24
1281 9835 24
4125 9349 12
7727 4772 30
607 4405 15
10730 1471 22
3307 3172 38
10141 14488 23
5645 11537 31
3566 15 97
4888 5721 172
7031 57 86
2012 13010 66
7720 11707 155
3590 9080 2
2891 11137 1
13069 6639 47
3562 2981 32
1941 4772 6
689 3032 201
9901 1003 13
4590 11998 225
12373 2590 15
2334 12875 38
14032 1164 66
3157 6037 135
8100 6079 83
10026 9848 230
1585 123 19
10265 13188 8
1705 13426 163
4607 2259 19
7087 9701 14
5122 9623 224
10312 10213 190
14005 8845 3
2884 147 110
10513 446 86
11033 7908 226
2471 1662 6
1172 2638 82
14491 7305 21
1439 13636 101
3899 1946 107
13270 375 20
985 13678 136
8982 5297 20
2023 199 225
13325 5770 130
5812 2203 24
4358 8064 54
2305 1580 86
9046 8712 86
11880 10834 66
4796 13710 68
3088 6137 84
12264 8427 15
13074 9059 26
5479 9496 228
5911 7244 101
2550 5538 195
1306 12956 215
12033 3883 162
12773 4694 8
6579 9522 136
75 6423 54
3458 6798 30
13048 10567 11
199 2895 62
10864 13889 203
3224 14488 7
13991 7113 103
3737 9879 19
13277 1287 90
11514 1379 24
13032 10944 62
4468 11633 66
2376 3701 66
14488 13190 198
11880 4644 151
3837 9623 148
12916 12678 207
9381 11834 94
1744 1738 202
10141 2507 23
12588 10513 38
4161 1888 38
554 5328 22
2982 8516 89
11941 4467 62
12113 13468 30
5073 554 46
7241 10902 150
11669 11985 66
7925 13637 8
5113 5509 38
7192 7316 172
6793 13415 11
12291 4645 92
7736 286 66
13145 14097 66
1914 13079 88
11079 8681 6
12541 165 54
679 5 84
594 6079 136
2600 5481 51
2166 1845 116
3093 2266 6
10778 3446 84
7737 9189 226
3426 8877 24
11412 1929 86
3418 11993 136
9672 7947 13
3811 14488 61
1320 1 12
11528 5445 199
4300 5146 31
13459 6861 24
3784 4147 15
13319 4989 22
9625 12969 23
10956 2864 53
3334 11725 7
13593 1394 15
11593 2256 159
12000 11707 100
3232 378 2
2950 1183 39
879 3465 45
7788 1464 23
5605 638 224
10874 9669 102
246 3613 99
1953 1296 23
4024 5594 102
4448 6880 67
10995 5015 108
2424 466 212
4653 12901 106
7658 480 12
747 7182 115
12379 10261 15
8450 4211 59
10731 2775 24
3229 2650 224
3240 10038 83
8205 11365 24
23 8112 149
182 157 12
6129 13426 88
7657 3002 38
4484 1673 23
9556 9617 7
4772 11680 30
4888 13455 89
12052 9756 58
14490 9745 25
5592 4733 35
13844 12114 24
9216 1695 160
352 13903 106
10688 5916 37
1587 14406 86
3279 4179 97
5003 7548 21
12586 2982 113
5180 743 31
5829 6059 145
210 6052 119
4196 2087 97
7951 1885 27
8247 8034 12
743 6645 152
7094 3240 6
10064 5505 4
5650 3410 97
4300 310 28
6567 10864 191
12894 7883 158
7938 5324 153
219 463 38
4641 3973 41
7887 11310 41
8662 3173 146
3827 9697 150
2614 4154 48
3466 8059 198
13112 5280 12
3293 3004 22
5217 5817 136
8023 12000 101
9325 9446 8
6051 3273 7
3928 14452 172
5855 680 20
1923 4483 45
12796 11179 22
4941 5648 27
3439 7837 109
12630 5707 3
10359 6469 17
8623 8565 192
14468 7717 181
14420 5348 58
2884 1650 175
7925 1314 125
4244 2879 199
13844 14516 25
1928 5493 28
8532 1361 236
14183 2089 101
731 3819 84
3474 10172 192
12434 869 24
8351 3173 61
4725 36 219
13276 1043 194
12186 9541 19
6170 11139 12
2012 3542 3
6396 10386 219
1563 4392 3
10092 10066 105
12186 5816 120
13991 3085 27
14452 5184 172
12321 10384 86
12289 924 25
8770 3621 38
3826 2172 8
11477 5000 22
1793 9528 89
13815 4301 90
2885 11684 15
5790 3588 21
8590 2265 202
88 6892 116
11533 8158 13
6223 9711 34
6566 7203 225
12077 6299 85
9058 13844 21
10040 1393 62
8497 2045 29
10327 9027 202
10758 13426 88
4494 136 0
7295 11582 101
9017 10617 50
3355 5180 82
5907 1098 181
6980 4390 229
8406 13450 152
12848 10567 27
478 1096 152
8698 12869 59
7094 1379 3
10265 1795 38
5087 4253 218
4031 4142 184
12911 8493 155
3426 42 156
12993 1205 123
14306 2075 17
6464 14343 192
1592 5145 173
6782 4478 97
4588 2042 192
13358 5612 22
924 10183 21
372 4507 68
5835 640 44
5302 13963 101
6623 6114 115
4057 8615 17
2736 8768 183
11361 29 87
7090 7346 84
1059 190 58
7817 8194 101
5663 10604 66
7968 348 181
13844 12077 85
12491 708 236
3085 1272 215
9421 9229 59
7611 4989 116
2982 6437 112
10787 8021 26
3071 9465 175
163 9222 189
2895 11750 48
9518 4735 219
12480 13160 17
13276 14433 83
7172 8215 7
10206 9609 59
1919 300 158
12893 14522 7
7837 6616 60
8374 2825 59
14495 12845 31
11334 4563 212
6163 9364 0
6619 641 6
9278 4644 129
9439 8570 118
5323 104 47
4864 8125 132
13229 4392 118
872 4358 199
13844 7593 138
7423 10667 130
4161 12763 59
10851 8461 13
1885 9226 7
11427 2644 12
1954 2188 107
2982 8634 89
2902 12186 3
1321 1490 97
6186 10858 200
8970 13745 51
1837 7142 18
6223 993 15
11041 12404 222
3530 7495 54
6857 10112 116
184 10710 89
804 14307 12
13069 8910 82
10838 1433 15
1971 5108 97
2054 7837 226
110 8037 3
13964 924 128
14465 9609 53
4896 3389 153
5466 205 1
13868 6722 154
157 13550 26
2830 11027 6
13844 4594 38
3136 8400 45
555 7018 54
644 1280 106
7113 11086 12
1981 11265 15
9650 8725 191
4698 4227 43
11681 105 152
7033 11945 20
12391 5466 24
9800 14420 32
13050 13844 192
12501 747 115
302 136 73
7746 11310 192
8536 4004 83
10263 14456 163
5402 7871 153
3044 924 34
12793 10948 210
2849 53 15
13031 420 150
1837 1059 133
2795 641 19
9277 4427 203
771 9439 36
13783 9310 196
8088 2982 113
6331 7590 31
13426 3583 22
7648 5678 20
136 5650 57
2701 12310 20
7259 11227 117
4226 12858 68
737 14438 112
11205 13123 24
6584 2376 97
2743 9961 27
1343 235 232
14276 8775 86
2213 3104 192
4002 6508 50
4647 5742 22
12253 11431 200
5861 8564 2
5727 14016 63
4687 1566 200
5089 14047 101
4793 4411 6
5807 3099 94
1177 12179 77
3674 11666 22
11497 4670 158
6452 14488 127
8238 177 12
4890 10297 106
637 9364 152
4276 12644 186
623 3838 228
11270 5445 224
1765 2650 45
1895 5393 30
8214 490 11
14488 14434 101
14199 184 52
6771 5993 102
13630 6904 18
8895 3299 212
2528 1665 161
13490 5328 3
6157 9232 58
2827 5237 130
14535 1696 180
13933 3889 19
11998 1173 166
9612 4261 12
9127 1080 97
12517 4393 84
924 12392 139
8124 8217 181
4307 8729 87
8410 8667 236
13206 42 120
1087 7887 13
12360 9875 59
924 14254 25
14044 589 11
3378 11876 109
184 3177 26
6683 14005 102
5841 6156 89
7468 6317 193
11625 7820 6
14318 6466 32
5052 521 95
10350 13654 130
2590 7080 133
10806 10229 159
4111 13193 38
2158 1143 6
1059 14495 31
5729 11007 109
4564 14401 107
8300 11977 159
4175 983 188
558 2739 198
3046 10864 203
3018 3355 82
1594 9946 136
136 4484 23
4922 183 26
13356 2259 19
3969 8374 59
13673 14068 222
14174 8202 8
5517 2310 52
2376 12523 203
3989 3062 3
4872 4068 24
14096 8048 180
1296 5678 101
5286 10154 12
3337 2395 29
4870 13910 59
14534 5763 26
9811 14368 80
437 12375 84
1125 14267 2
9332 2685 6
12982 1590 126
7887 9473 38
420 14429 118
5249 7715 143
12417 4089 24
1721 3802 38
4604 561 94
5901 8048 130
13942 10834 39
783 4836 60
12399 1625 64
2286 4308 87
2266 3411 134
8634 12094 101
1340 302 62
1450 8176 14
993 3716 31
8834 11904 94
5168 1712 13
14325 2935 67
1296 9836 17
14386 6531 15
12047 12956 159
9197 924 128
3620 4962 80
12289 7817 25
6893 2700 31
8980 9840 7
4033 2649 6
11270 210 177
1056 5287 24
11564 14540 25
420 14249 52
8725 9231 39
202 7951 0
7469 329 80
2517 13485 182
10403 5829 143
5089 14400 178
7494 1928 31
640 3529 199
9713 12858 96
190 1916 53
14092 6579 51
10973 3705 211
10216 8674 223
6998 3821 12
7801 8170 86
7800 9572 22
331 7740 31
3954 737 113
8488 6765 116
13870 5546 86
3488 3511 6
11046 956 221
7608 12281 80
9011 6697 102
41 7463 215
9478 3111 95
6336 8352 50
3996 1328 8
478 7930 39
8215 7987 12
3149 9932 136
11534 13835 113
4229 659 6
9291 13533 38
994 950 52
9040 8406 24
7094 12514 58
14080 924 166
13486 7733 153
5650 1077 97
4683 1312 15
2853 5729 12
735 597 235
11961 8317 165
13639 1713 0
972 8856 124
6416 7094 11
13845 7258 59
14104 13971 118
5965 8768 184
2754 7018 150
7039 8770 7
8220 308 2
10402 4668 22
12080 12962 52
5275 1457 15
1839 4448 7
6410 11666 50
10721 1330 112
14318 4318 162
4947 8157 109
7651 11880 3
311 1271 228
1406 14241 234
13698 554 101
5721 3676 172
11966 10454 22
3307 13107 153
6762 7964 163
3102 3403 19
9388 7223 3
685 4211 84
14049 8347 109
10298 3052 62
670 8888 14
10141 5543 217
12630 10094 129
2780 9938 228
7413 8033 2
1246 12712 130
560 5477 116
3161 14512 130
2352 4976 155
5538 6649 62
1732 7198 160
560 7449 186
6222 6658 97
11823 11920 68
928 8402 226
3626 62 25
622 11040 224
4272 3151 84
9204 8262 175
8773 14317 112
8692 12879 162
5181 4691 3
6910 8374 54
4050 10292 158
490 5457 11
3535 12704 112
4033 4057 109
10394 9858 116
8244 6923 61
5102 3841 122
1276 970 28
11459 1914 54
5846 2595 155
9623 8977 224
319 2590 122
4130 3332 196
121 3274 97
5365 70 6
2885 5878 19
10488 5208 6
13450 6628 68
5666 11799 38
10806 13085 31
10140 643 109
13779 4448 67
3939 7304 31
9643 5349 175
6993 8855 66
9809 71 116
12160 12688 135
14464 1988 31
1080 2895 66
4972 10518 31
847 5536 6
4218 7100 228
2817 6471 105
12384 10518 219
11396 9105 3
1503 11062 156
9404 4266 6
449 4098 205
5377 2843 79
9836 10587 120
12894 12630 139
43 10467 15
9512 4886 22
7086 3446 50
10273 9961 158
1732 13689 20
1672 3477 232
10337 6504 192
10032 2908 102
183 13945 189
4249 1262 183
12258 6548 210
1829 7977 102
14413 7916 31
5108 6263 15
9406 14227 31
9139 4574 106
3582 7876 66
5787 12730 130
11547 6423 153
10286 11461 161
2063 13606 39
10864 7485 191
7745 4989 22
5310 6011 1
5517 13020 39
2012 4396 226
3911 1211 26
4821 4611 2
8122 1807 159
5895 6896 101
6317 1460 203
2858 7889 187
1047 4921 24
5427 707 165
5729 13939 38
5270 8321 39
14183 6011 32
1940 1770 116
13048 12372 106
10448 6059 12
3333 5105 47
11255 924 34
6293 167 150
5517 2259 30
3269 626 134
14439 10946 15
14377 12494 88
1293 6636 184
5378 10844 17
7260 2238 196
3682 10746 116
3273 910 133
14532 11391 25
1029 5957 109
7534 3900 32
7651 6793 84
11669 5509 3
3525 6739 109
3890 275 151
2501 10587 156
7087 11025 183
7833 12066 202
11006 10496 8
5768 6614 139
2795 11506 147
12630 5481 22
1212 11177 102
8470 12699 83
1245 6664 177
11659 7487 103
1503 5111 199
11269 12550 8
11952 7369 173
12848 3243 122
565 10263 58
9449 12077 85
10587 7986 84
13373 11036 83
145 3307 7
7738 14108 58
11310 1720 21
3979 8374 165
4074 5010 38
14416 9756 217
8266 3625 12
6986 3257 230
10388 3702 9
14419 1163 118
2396 2722 29
2026 10433 136
2874 4138 232
10042 3307 6
13432 3466 150
4653 12658 15
10201 2771 187
1484 13526 17
2682 3207 8
10167 12467 23
5232 12105 122
296 1961 100
10428 6141 81
12431 6150 37
507 14395 22
11527 14202 118
1931 7657 38
4801 5001 71
3683 479 30
9242 4841 59
7657 10199 8
5812 842 13
727 11413 26
10518 118 31
147 4231 31
3825 10515 109
8013 11576 83
10409 3827 28
3825 13390 106
13198 13276 15
9445 489 59
9655 529 80
7043 10554 31
13856 8585 135
506 993 193
6913 11609 34
7177 14299 8
5976 11332 111
8500 8406 135
2266 6016 192
4346 7973 109
6124 94 93
515 5980 212
13888 8740 165
328 1264 202
10378 8187 66
14235 6191 20
7833 7713 20
2792 5428 143
4615 3257 66
10868 13290 120
8791 2143 71
4922 10378 84
5900 2694 38
9049 2040 54
10988 13356 179
1457 8601 58
181 3474 71
13339 10141 25
7307 7462 165
9291 4483 13
8242 7910 220
13546 7733 58
136 1303 31
4372 8517 20
13394 13782 111
2186 2021 192
1404 290 8
13175 8118 11
3702 1472 74
10117 945 87
8564 5975 56
12547 10167 122
10908 3331 100
1552 4460 13
5108 14404 25
8928 9201 32
6080 6771 192
8848 10292 102
13951 1445 122
13242 2084 53
199 14041 217
6472 5661 59
13690 1361 160
3361 1909 103
2259 6798 30
1478 8293 158
3940 7187 202
10853 382 87
10091 13213 38
5194 4046 102
8930 1223 186
12244 10812 193
5570 12730 121
12169 7408 159
1573 1015 22
12170 5829 19
3484 3452 97
6993 5291 106
10806 208 13
449 13640 14
2480 2239 152
3024 7557 114
2646 9177 152
13276 11040 58
11294 11169 108
5560 11270 75
1765 3715 192
8587 10555 23
9500 11276 47
103 1829 162
4522 2395 138
14348 5410 192
8770 92 48
3643 9467 15
7657 10511 66
13550 13966 26
13040 328 23
3299 8409 55
2711 11880 7
2759 9101 172
4627 8791 66
13572 9501 12
3331 10518 135
12374 915 118
14241 3116 2
4412 1458 22
13903 1295 106
2507 181 71
1566 7830 82
5828 8615 20
8406 9756 194
290 12967 109
6639 7396 19
2023 14488 108
5893 8198 2
12327 5851 15
3742 12872 106
7607 1563 139
9662 4201 84
8157 957 102
7997 774 118
7210 8374 163
5458 331 31
1828 7803 47
4606 12474 80
5514 3465 82
12089 8751 62
302 470 31
4 10527 133
13675 12737 38
626 7024 38